QR-Stream run log
role: receiver
started: 2026-10-03T15:38:48.290408
duration: 175s

[device]
platform: android
osVersion: BP4A.251205.006.S948BXXS4AZHL
processors: 8
dartVersion: 3.10.4

[run]
fileName: (hidden).png
totalChunks: 971
transferId: 3850058249
payloadKind: file
chunkBytes: 1400

[events]
     0.0  run started
     0.0  HEL #0 seen (session 041996d91ae3f01c)
     0.0  HEL #0 summary: +0 new, 0 re-reads, 0 reads in 0.0s (0.0/s), 971 still missing
     4.4  start tapped: 0 of 971 held
     5.6  relay push ok: hel #0, rev 1
   158.1  HEL #0 seen (session cd43d603ab485521)
   158.1  HEL #0 summary: +0 new, 0 re-reads, 0 reads in 0.0s (0.0/s), 971 still missing
   165.8  start tapped: 0 of 971 held
   167.2  relay push ok: hel #0, rev 1
   175.3  reset by user
   175.3  session report sent

[samples] one row per second
t,received,missing,corrupt,dupes,liveKBps,avgKBps,decodesPerSec,avgDecodesPerSec,recommendedFps,rssMB,chunkBytesSeen
     1.0,0,971,0,0,0.00,0.00,0.00,0.00,0,213.1,0
     2.0,0,971,0,0,0.00,0.00,0.00,0.00,0,217.6,0
     3.0,0,971,0,0,0.00,0.00,0.00,0.00,0,218.7,0
     4.0,0,971,0,0,0.00,0.00,0.00,0.00,0,221.3,0
     5.0,0,971,0,0,0.00,0.00,0.00,0.00,0,225.2,0
     6.0,0,971,0,0,0.00,0.00,0.00,0.00,0,227.8,0
     7.0,0,971,0,0,0.00,0.00,0.00,0.00,0,205.8,0
     8.0,0,971,0,0,0.00,0.00,0.00,0.00,0,207.4,0
     9.0,0,971,0,0,0.00,0.00,0.00,0.00,0,210.6,0
    10.0,0,971,0,0,0.00,0.00,0.00,0.00,0,212.8,0
    11.0,0,971,0,0,0.00,0.00,0.00,0.00,0,222.2,0
    12.0,0,971,0,0,0.00,0.00,0.00,0.00,0,247.6,0
    13.0,0,971,0,0,0.00,0.00,0.00,0.00,0,257.0,0
    14.0,0,971,0,0,0.00,0.00,0.00,0.00,0,246.0,0
    15.0,0,971,0,0,0.00,0.00,0.00,0.00,0,245.8,0
    16.0,0,971,0,0,0.00,0.00,0.00,0.00,0,248.5,0
    17.0,0,971,0,0,0.00,0.00,0.00,0.00,0,251.6,0
    18.0,0,971,0,0,0.00,0.00,0.00,0.00,0,253.1,0
    19.0,0,971,0,0,0.00,0.00,0.00,0.00,0,255.8,0
    20.0,0,971,0,0,0.00,0.00,0.00,0.00,0,203.8,0
    21.0,0,971,0,0,0.00,0.00,0.00,0.00,0,202.9,0
    22.0,0,971,0,0,0.00,0.00,0.00,0.00,0,205.9,0
    23.0,0,971,0,0,0.00,0.00,0.00,0.00,0,208.7,0
    24.0,0,971,0,0,0.00,0.00,0.00,0.00,0,210.2,0
    25.0,0,971,0,0,0.00,0.00,0.00,0.00,0,213.2,0
    26.0,0,971,0,0,0.00,0.00,0.00,0.00,0,216.3,0
    27.0,0,971,0,0,0.00,0.00,0.00,0.00,0,219.3,0
    28.0,0,971,0,0,0.00,0.00,0.00,0.00,0,220.5,0
    29.0,0,971,0,0,0.00,0.00,0.00,0.00,0,223.6,0
    30.0,0,971,0,0,0.00,0.00,0.00,0.00,0,226.5,0
    31.0,0,971,0,0,0.00,0.00,0.00,0.00,0,227.9,0
    32.0,0,971,0,0,0.00,0.00,0.00,0.00,0,231.1,0
    33.0,0,971,0,0,0.00,0.00,0.00,0.00,0,204.2,0
    34.0,0,971,0,0,0.00,0.00,0.00,0.00,0,205.1,0
    35.0,0,971,0,0,0.00,0.00,0.00,0.00,0,208.3,0
    36.0,0,971,0,0,0.00,0.00,0.00,0.00,0,211.1,0
    37.0,0,971,0,0,0.00,0.00,0.00,0.00,0,212.5,0
    38.0,0,971,0,0,0.00,0.00,0.00,0.00,0,215.0,0
    39.0,0,971,0,0,0.00,0.00,0.00,0.00,0,217.7,0
    40.0,0,971,0,0,0.00,0.00,0.00,0.00,0,220.5,0
    41.0,0,971,0,0,0.00,0.00,0.00,0.00,0,221.8,0
    42.0,0,971,0,0,0.00,0.00,0.00,0.00,0,224.3,0
    43.0,0,971,0,0,0.00,0.00,0.00,0.00,0,227.2,0
    44.0,0,971,0,0,0.00,0.00,0.00,0.00,0,228.6,0
    45.0,0,971,0,0,0.00,0.00,0.00,0.00,0,231.4,0
    46.0,0,971,0,0,0.00,0.00,0.00,0.00,0,204.4,0
    47.0,0,971,0,0,0.00,0.00,0.00,0.00,0,205.3,0
    48.0,0,971,0,0,0.00,0.00,0.00,0.00,0,207.9,0
    49.0,0,971,0,0,0.00,0.00,0.00,0.00,0,210.8,0
    50.0,0,971,0,0,0.00,0.00,0.00,0.00,0,212.1,0
    51.0,0,971,0,0,0.00,0.00,0.00,0.00,0,220.4,0
    52.0,0,971,0,0,0.00,0.00,0.00,0.00,0,220.2,0
    53.0,0,971,0,0,0.00,0.00,0.00,0.00,0,223.0,0
    54.0,0,971,0,0,0.00,0.00,0.00,0.00,0,224.3,0
    55.0,0,971,0,0,0.00,0.00,0.00,0.00,0,227.4,0
    56.0,0,971,0,0,0.00,0.00,0.00,0.00,0,230.2,0
    57.0,0,971,0,0,0.00,0.00,0.00,0.00,0,231.5,0
    58.0,0,971,0,0,0.00,0.00,0.00,0.00,0,234.2,0
    59.0,0,971,0,0,0.00,0.00,0.00,0.00,0,207.8,0
    60.0,0,971,0,0,0.00,0.00,0.00,0.00,0,208.6,0
    61.0,0,971,0,0,0.00,0.00,0.00,0.00,0,211.3,0
    62.0,0,971,0,0,0.00,0.00,0.00,0.00,0,214.1,0
    63.0,0,971,0,0,0.00,0.00,0.00,0.00,0,216.8,0
    64.0,0,971,0,0,0.00,0.00,0.00,0.00,0,217.9,0
    65.0,0,971,0,0,0.00,0.00,0.00,0.00,0,220.6,0
    66.0,0,971,0,0,0.00,0.00,0.00,0.00,0,223.5,0
    67.0,0,971,0,0,0.00,0.00,0.00,0.00,0,224.8,0
    68.0,0,971,0,0,0.00,0.00,0.00,0.00,0,227.6,0
    69.0,0,971,0,0,0.00,0.00,0.00,0.00,0,230.4,0
    70.0,0,971,0,0,0.00,0.00,0.00,0.00,0,231.5,0
    71.0,0,971,0,0,0.00,0.00,0.00,0.00,0,234.2,0
    72.0,0,971,0,0,0.00,0.00,0.00,0.00,0,206.7,0
    73.0,0,971,0,0,0.00,0.00,0.00,0.00,0,207.4,0
    74.0,0,971,0,0,0.00,0.00,0.00,0.00,0,209.9,0
    75.0,0,971,0,0,0.00,0.00,0.00,0.00,0,212.8,0
    76.0,0,971,0,0,0.00,0.00,0.00,0.00,0,215.7,0
    77.0,0,971,0,0,0.00,0.00,0.00,0.00,0,216.8,0
    78.0,0,971,0,0,0.00,0.00,0.00,0.00,0,218.0,0
    79.0,0,971,0,0,0.00,0.00,0.00,0.00,0,220.7,0
    80.0,0,971,0,0,0.00,0.00,0.00,0.00,0,222.3,0
    81.0,0,971,0,0,0.00,0.00,0.00,0.00,0,225.3,0
    82.0,0,971,0,0,0.00,0.00,0.00,0.00,0,228.3,0
    83.0,0,971,0,0,0.00,0.00,0.00,0.00,0,229.7,0
    84.0,0,971,0,0,0.00,0.00,0.00,0.00,0,232.7,0
    85.0,0,971,0,0,0.00,0.00,0.00,0.00,0,235.8,0
    86.0,0,971,0,0,0.00,0.00,0.00,0.00,0,206.7,0
    87.0,0,971,0,0,0.00,0.00,0.00,0.00,0,209.2,0
    88.0,0,971,0,0,0.00,0.00,0.00,0.00,0,211.7,0
    89.0,0,971,0,0,0.00,0.00,0.00,0.00,0,214.7,0
    90.0,0,971,0,0,0.00,0.00,0.00,0.00,0,215.8,0
    91.0,0,971,0,0,0.00,0.00,0.00,0.00,0,218.3,0
    92.0,0,971,0,0,0.00,0.00,0.00,0.00,0,221.1,0
    93.0,0,971,0,0,0.00,0.00,0.00,0.00,0,222.1,0
    94.0,0,971,0,0,0.00,0.00,0.00,0.00,0,225.0,0
    95.0,0,971,0,0,0.00,0.00,0.00,0.00,0,227.9,0
    96.0,0,971,0,0,0.00,0.00,0.00,0.00,0,228.9,0
    97.0,0,971,0,0,0.00,0.00,0.00,0.00,0,231.7,0
    98.0,0,971,0,0,0.00,0.00,0.00,0.00,0,234.6,0
    99.0,0,971,0,0,0.00,0.00,0.00,0.00,0,207.6,0
   100.0,0,971,0,0,0.00,0.00,0.00,0.00,0,208.3,0
   101.0,0,971,0,0,0.00,0.00,0.00,0.00,0,211.0,0
   102.0,0,971,0,0,0.00,0.00,0.00,0.00,0,213.9,0
   103.0,0,971,0,0,0.00,0.00,0.00,0.00,0,215.1,0
   104.0,0,971,0,0,0.00,0.00,0.00,0.00,0,218.0,0
   105.0,0,971,0,0,0.00,0.00,0.00,0.00,0,220.5,0
   106.0,0,971,0,0,0.00,0.00,0.00,0.00,0,221.7,0
   107.0,0,971,0,0,0.00,0.00,0.00,0.00,0,224.6,0
   108.0,0,971,0,0,0.00,0.00,0.00,0.00,0,227.3,0
   109.0,0,971,0,0,0.00,0.00,0.00,0.00,0,228.4,0
   110.0,0,971,0,0,0.00,0.00,0.00,0.00,0,231.3,0
   111.0,0,971,0,0,0.00,0.00,0.00,0.00,0,234.0,0
   112.0,0,971,0,0,0.00,0.00,0.00,0.00,0,207.9,0
   113.0,0,971,0,0,0.00,0.00,0.00,0.00,0,208.7,0
   114.0,0,971,0,0,0.00,0.00,0.00,0.00,0,211.4,0
   115.0,0,971,0,0,0.00,0.00,0.00,0.00,0,214.1,0
   116.0,0,971,0,0,0.00,0.00,0.00,0.00,0,215.6,0
   117.0,0,971,0,0,0.00,0.00,0.00,0.00,0,218.3,0
   118.0,0,971,0,0,0.00,0.00,0.00,0.00,0,220.9,0
   119.0,0,971,0,0,0.00,0.00,0.00,0.00,0,221.9,0
   120.0,0,971,0,0,0.00,0.00,0.00,0.00,0,224.9,0
   121.0,0,971,0,0,0.00,0.00,0.00,0.00,0,227.6,0
   122.0,0,971,0,0,0.00,0.00,0.00,0.00,0,229.0,0
   123.0,0,971,0,0,0.00,0.00,0.00,0.00,0,231.8,0
   124.0,0,971,0,0,0.00,0.00,0.00,0.00,0,234.4,0
   125.0,0,971,0,0,0.00,0.00,0.00,0.00,0,208.0,0
   126.0,0,971,0,0,0.00,0.00,0.00,0.00,0,208.6,0
   127.0,0,971,0,0,0.00,0.00,0.00,0.00,0,211.4,0
   128.0,0,971,0,0,0.00,0.00,0.00,0.00,0,214.1,0
   129.0,0,971,0,0,0.00,0.00,0.00,0.00,0,215.6,0
   130.0,0,971,0,0,0.00,0.00,0.00,0.00,0,218.3,0
   131.0,0,971,0,0,0.00,0.00,0.00,0.00,0,220.8,0
   132.0,0,971,0,0,0.00,0.00,0.00,0.00,0,221.6,0
   133.0,0,971,0,0,0.00,0.00,0.00,0.00,0,224.3,0
   134.0,0,971,0,0,0.00,0.00,0.00,0.00,0,226.9,0
   135.0,0,971,0,0,0.00,0.00,0.00,0.00,0,230.1,0
   136.0,0,971,0,0,0.00,0.00,0.00,0.00,0,231.1,0
   137.0,0,971,0,0,0.00,0.00,0.00,0.00,0,233.8,0
   138.0,0,971,0,0,0.00,0.00,0.00,0.00,0,236.6,0
   139.0,0,971,0,0,0.00,0.00,0.00,0.00,0,207.4,0
   140.0,0,971,0,0,0.00,0.00,0.00,0.00,0,210.3,0
   141.0,0,971,0,0,0.00,0.00,0.00,0.00,0,212.9,0
   142.0,0,971,0,0,0.00,0.00,0.00,0.00,0,214.1,0
   143.0,0,971,0,0,0.00,0.00,0.00,0.00,0,224.2,0
   144.0,0,971,0,0,0.00,0.00,0.00,0.00,0,224.9,0
   145.0,0,971,0,0,0.00,0.00,0.00,0.00,0,226.9,0
   146.0,0,971,0,0,0.00,0.00,0.00,0.00,0,229.7,0
   147.0,0,971,0,0,0.00,0.00,0.00,0.00,0,230.9,0
   148.0,0,971,0,0,0.00,0.00,0.00,0.00,0,233.7,0
   149.0,0,971,0,0,0.00,0.00,0.00,0.00,0,233.5,0
   150.0,0,971,0,0,0.00,0.00,0.00,0.00,0,234.4,0
   151.0,0,971,0,0,0.00,0.00,0.00,0.00,0,237.0,0
   152.0,0,971,0,0,0.00,0.00,0.00,0.00,0,208.3,0
   153.0,0,971,0,0,0.00,0.00,0.00,0.00,0,209.1,0
   154.0,0,971,0,0,0.00,0.00,0.00,0.00,0,211.8,0
   155.0,0,971,0,0,0.00,0.00,0.00,0.00,0,214.6,0
   156.0,0,971,0,0,0.00,0.00,0.00,0.00,0,215.8,0
   157.0,0,971,0,0,0.00,0.00,0.00,0.00,0,218.5,0
   158.0,0,971,0,0,0.00,0.00,0.00,0.00,0,221.4,0
   159.0,0,971,0,0,0.00,0.00,0.00,0.00,0,225.5,0
   160.0,0,971,0,0,0.00,0.00,0.00,0.00,0,226.6,0
   161.0,0,971,0,0,0.00,0.00,0.00,0.00,0,228.8,0
   162.0,0,971,0,0,0.00,0.00,0.00,0.00,0,233.1,0
   163.0,0,971,0,0,0.00,0.00,0.00,0.00,0,241.0,0
   164.0,0,971,0,0,0.00,0.00,0.00,0.00,0,256.6,0
   165.0,0,971,0,0,0.00,0.00,0.00,0.00,0,225.6,0
   166.0,0,971,0,0,0.00,0.00,0.00,0.00,0,219.8,0
   167.0,0,971,0,0,0.00,0.00,0.00,0.00,0,220.1,0
   168.0,0,971,0,0,0.00,0.00,0.00,0.00,0,221.5,0
   169.0,0,971,0,0,0.00,0.00,0.00,0.00,0,224.2,0
   170.0,0,971,0,0,0.00,0.00,0.00,0.00,0,227.7,0
   171.0,0,971,0,0,0.00,0.00,0.00,0.00,0,229.5,0
   172.0,0,971,0,0,0.00,0.00,0.00,0.00,0,232.9,0
   173.0,0,971,0,0,0.00,0.00,0.00,0.00,0,235.2,0
   174.0,0,971,0,0,0.00,0.00,0.00,0.00,0,243.8,0
   175.0,0,971,0,0,0.00,0.00,0.00,0.00,0,242.4,0
