QR-Stream run log
role: receiver
started: 2026-10-03T15:11:53.757067
duration: 2193s

[device]
platform: android
osVersion: BP4A.251205.006.A175FXXS6CZG1
processors: 8
dartVersion: 3.10.4

[run]
fileName: (hidden).png
totalChunks: 971
transferId: 3850058249
payloadKind: file
chunkBytes: 1400

[events]
     0.0  run started
     0.0  HEL #0 seen (session 041996d91ae3f01c)
     0.0  HEL #0 summary: +0 new, 0 re-reads, 0 reads in 0.0s (0.0/s), 971 still missing
     1.7  start tapped: 0 of 971 held
     3.0  relay push ok: hel #0, rev 2
  2018.0  HEL #0 seen (session cd43d603ab485521)
  2018.0  HEL #0 summary: +0 new, 0 re-reads, 0 reads in 0.0s (0.0/s), 971 still missing
  2019.2  start tapped: 0 of 971 held
  2020.3  relay push ok: hel #0, rev 1
  2026.2  CAL #1 seen (session cd43d603ab485521)
  2026.2  CAL #1 summary: +11 new, 0 re-reads, 11 reads in 2.0s (5.6/s), 960 still missing
  2027.6  relay push ok: cal #1, rev 2
  2032.4  CAL #2 seen (session cd43d603ab485521)
  2032.4  CAL #2 summary: +10 new, 14 re-reads, 24 reads in 3.4s (7.1/s), 950 still missing
  2033.6  relay push ok: cal #2, rev 3
  2038.4  CAL #3 seen (session cd43d603ab485521)
  2038.4  CAL #3 summary: +6 new, 4 re-reads, 10 reads in 1.9s (5.3/s), 944 still missing
  2039.7  relay push ok: cal #3, rev 4
  2044.6  CAL #4 seen (session cd43d603ab485521)
  2044.6  CAL #4 summary: +12 new, 26 re-reads, 38 reads in 2.7s (13.9/s), 932 still missing
  2045.6  relay push ok: cal #4, rev 5
  2049.6  CAL #5 seen (session cd43d603ab485521)
  2049.6  CAL #5 summary: +21 new, 8 re-reads, 29 reads in 3.2s (9.1/s), 911 still missing
  2051.5  relay push ok: cal #5, rev 6
  2055.9  CAL #6 seen (session cd43d603ab485521)
  2055.9  CAL #6 summary: +21 new, 0 re-reads, 21 reads in 2.9s (7.3/s), 890 still missing
  2057.0  relay push ok: cal #6, rev 7
  2160.9  END #7 seen (session cd43d603ab485521)
  2160.9  round 1 summary: +706 new, 267 re-reads, 973 reads in 103.2s (9.4/s), 184 still missing
  2161.9  relay push ok: end #7, rev 8
  2187.7  END #8 seen (session cd43d603ab485521)
  2187.7  round 2 summary: +169 new, 99 re-reads, 268 reads in 24.1s (11.1/s), 15 still missing
  2188.8  relay push ok: end #8, rev 9
  2192.4  complete: all 971 chunks received
  2192.4  summary: 1.30 MB in 170.8s = 7.8 KB/s
  2192.5  kept a copy at (path)
  2193.5  relay push ok: done #0, rev 10
  2193.5  session report sent

[samples] one row per second
t,received,missing,corrupt,dupes,liveKBps,avgKBps,decodesPerSec,avgDecodesPerSec,recommendedFps,rssMB,chunkBytesSeen
     1.0,0,971,0,0,0.00,0.00,0.00,0.00,0,255.0,0
     2.0,0,971,0,0,0.00,0.00,0.00,0.00,0,255.5,0
     3.0,0,971,0,0,0.00,0.00,0.00,0.00,0,257.0,0
     4.0,0,971,0,0,0.00,0.00,0.00,0.00,0,256.4,0
     5.0,0,971,0,0,0.00,0.00,0.00,0.00,0,260.1,0
     6.0,0,971,0,0,0.00,0.00,0.00,0.00,0,260.3,0
     7.0,0,971,0,0,0.00,0.00,0.00,0.00,0,254.6,0
     8.0,0,971,0,0,0.00,0.00,0.00,0.00,0,248.9,0
     9.0,0,971,0,0,0.00,0.00,0.00,0.00,0,249.4,0
    10.0,0,971,0,0,0.00,0.00,0.00,0.00,0,250.0,0
    11.0,0,971,0,0,0.00,0.00,0.00,0.00,0,248.0,0
    12.0,0,971,0,0,0.00,0.00,0.00,0.00,0,248.4,0
    13.0,0,971,0,0,0.00,0.00,0.00,0.00,0,247.7,0
    14.0,0,971,0,0,0.00,0.00,0.00,0.00,0,247.1,0
    15.0,0,971,0,0,0.00,0.00,0.00,0.00,0,250.2,0
    16.0,0,971,0,0,0.00,0.00,0.00,0.00,0,247.4,0
    17.0,0,971,0,0,0.00,0.00,0.00,0.00,0,246.7,0
    18.0,0,971,0,0,0.00,0.00,0.00,0.00,0,247.5,0
    19.0,0,971,0,0,0.00,0.00,0.00,0.00,0,248.2,0
    20.0,0,971,0,0,0.00,0.00,0.00,0.00,0,249.1,0
    21.0,0,971,0,0,0.00,0.00,0.00,0.00,0,246.4,0
    22.0,0,971,0,0,0.00,0.00,0.00,0.00,0,247.4,0
    23.0,0,971,0,0,0.00,0.00,0.00,0.00,0,250.7,0
    24.0,0,971,0,0,0.00,0.00,0.00,0.00,0,249.9,0
    25.0,0,971,0,0,0.00,0.00,0.00,0.00,0,248.8,0
    26.0,0,971,0,0,0.00,0.00,0.00,0.00,0,249.6,0
    27.0,0,971,0,0,0.00,0.00,0.00,0.00,0,250.8,0
    28.0,0,971,0,0,0.00,0.00,0.00,0.00,0,250.1,0
    29.0,0,971,0,0,0.00,0.00,0.00,0.00,0,247.8,0
    30.0,0,971,0,0,0.00,0.00,0.00,0.00,0,244.0,0
    31.0,0,971,0,0,0.00,0.00,0.00,0.00,0,241.5,0
    32.0,0,971,0,0,0.00,0.00,0.00,0.00,0,243.1,0
    33.0,0,971,0,0,0.00,0.00,0.00,0.00,0,242.0,0
    34.0,0,971,0,0,0.00,0.00,0.00,0.00,0,241.6,0
    35.0,0,971,0,0,0.00,0.00,0.00,0.00,0,241.1,0
    36.0,0,971,0,0,0.00,0.00,0.00,0.00,0,242.1,0
    37.0,0,971,0,0,0.00,0.00,0.00,0.00,0,243.4,0
    38.0,0,971,0,0,0.00,0.00,0.00,0.00,0,242.9,0
    39.0,0,971,0,0,0.00,0.00,0.00,0.00,0,245.5,0
    40.0,0,971,0,0,0.00,0.00,0.00,0.00,0,245.5,0
    41.0,0,971,0,0,0.00,0.00,0.00,0.00,0,245.5,0
    42.0,0,971,0,0,0.00,0.00,0.00,0.00,0,245.5,0
    43.0,0,971,0,0,0.00,0.00,0.00,0.00,0,245.5,0
    44.0,0,971,0,0,0.00,0.00,0.00,0.00,0,245.5,0
    45.0,0,971,0,0,0.00,0.00,0.00,0.00,0,246.0,0
    46.0,0,971,0,0,0.00,0.00,0.00,0.00,0,246.0,0
    47.0,0,971,0,0,0.00,0.00,0.00,0.00,0,245.9,0
    48.0,0,971,0,0,0.00,0.00,0.00,0.00,0,245.9,0
    49.0,0,971,0,0,0.00,0.00,0.00,0.00,0,245.9,0
    50.0,0,971,0,0,0.00,0.00,0.00,0.00,0,245.9,0
    51.0,0,971,0,0,0.00,0.00,0.00,0.00,0,245.9,0
    52.0,0,971,0,0,0.00,0.00,0.00,0.00,0,245.9,0
    53.0,0,971,0,0,0.00,0.00,0.00,0.00,0,245.9,0
    54.0,0,971,0,0,0.00,0.00,0.00,0.00,0,245.9,0
    55.0,0,971,0,0,0.00,0.00,0.00,0.00,0,245.9,0
    56.0,0,971,0,0,0.00,0.00,0.00,0.00,0,245.9,0
    57.0,0,971,0,0,0.00,0.00,0.00,0.00,0,245.9,0
    58.0,0,971,0,0,0.00,0.00,0.00,0.00,0,245.9,0
    59.0,0,971,0,0,0.00,0.00,0.00,0.00,0,245.9,0
    60.0,0,971,0,0,0.00,0.00,0.00,0.00,0,245.9,0
    61.0,0,971,0,0,0.00,0.00,0.00,0.00,0,245.9,0
    62.0,0,971,0,0,0.00,0.00,0.00,0.00,0,245.9,0
    63.0,0,971,0,0,0.00,0.00,0.00,0.00,0,245.9,0
    64.0,0,971,0,0,0.00,0.00,0.00,0.00,0,245.9,0
    65.0,0,971,0,0,0.00,0.00,0.00,0.00,0,245.9,0
    66.0,0,971,0,0,0.00,0.00,0.00,0.00,0,245.9,0
    67.0,0,971,0,0,0.00,0.00,0.00,0.00,0,245.9,0
    68.0,0,971,0,0,0.00,0.00,0.00,0.00,0,245.9,0
    69.0,0,971,0,0,0.00,0.00,0.00,0.00,0,245.7,0
    70.0,0,971,0,0,0.00,0.00,0.00,0.00,0,241.0,0
    71.0,0,971,0,0,0.00,0.00,0.00,0.00,0,236.7,0
    72.0,0,971,0,0,0.00,0.00,0.00,0.00,0,236.7,0
    73.0,0,971,0,0,0.00,0.00,0.00,0.00,0,236.7,0
    74.0,0,971,0,0,0.00,0.00,0.00,0.00,0,236.7,0
    75.0,0,971,0,0,0.00,0.00,0.00,0.00,0,236.7,0
    76.0,0,971,0,0,0.00,0.00,0.00,0.00,0,236.4,0
    77.0,0,971,0,0,0.00,0.00,0.00,0.00,0,236.4,0
    78.0,0,971,0,0,0.00,0.00,0.00,0.00,0,236.4,0
    79.0,0,971,0,0,0.00,0.00,0.00,0.00,0,236.4,0
    80.0,0,971,0,0,0.00,0.00,0.00,0.00,0,236.4,0
    81.0,0,971,0,0,0.00,0.00,0.00,0.00,0,226.7,0
    82.0,0,971,0,0,0.00,0.00,0.00,0.00,0,226.7,0
    83.0,0,971,0,0,0.00,0.00,0.00,0.00,0,226.7,0
    84.0,0,971,0,0,0.00,0.00,0.00,0.00,0,226.7,0
    85.0,0,971,0,0,0.00,0.00,0.00,0.00,0,226.7,0
    86.0,0,971,0,0,0.00,0.00,0.00,0.00,0,226.7,0
    87.0,0,971,0,0,0.00,0.00,0.00,0.00,0,226.7,0
    88.0,0,971,0,0,0.00,0.00,0.00,0.00,0,226.6,0
    89.0,0,971,0,0,0.00,0.00,0.00,0.00,0,226.6,0
    90.0,0,971,0,0,0.00,0.00,0.00,0.00,0,226.6,0
    91.0,0,971,0,0,0.00,0.00,0.00,0.00,0,226.6,0
    92.0,0,971,0,0,0.00,0.00,0.00,0.00,0,226.6,0
    93.0,0,971,0,0,0.00,0.00,0.00,0.00,0,226.6,0
    94.0,0,971,0,0,0.00,0.00,0.00,0.00,0,226.6,0
    95.0,0,971,0,0,0.00,0.00,0.00,0.00,0,226.6,0
    96.0,0,971,0,0,0.00,0.00,0.00,0.00,0,226.6,0
    97.0,0,971,0,0,0.00,0.00,0.00,0.00,0,226.6,0
    98.0,0,971,0,0,0.00,0.00,0.00,0.00,0,226.6,0
    99.0,0,971,0,0,0.00,0.00,0.00,0.00,0,227.1,0
   100.0,0,971,0,0,0.00,0.00,0.00,0.00,0,218.3,0
   101.0,0,971,0,0,0.00,0.00,0.00,0.00,0,173.9,0
   102.0,0,971,0,0,0.00,0.00,0.00,0.00,0,173.9,0
   103.0,0,971,0,0,0.00,0.00,0.00,0.00,0,173.9,0
   104.0,0,971,0,0,0.00,0.00,0.00,0.00,0,173.9,0
   105.0,0,971,0,0,0.00,0.00,0.00,0.00,0,173.9,0
   106.0,0,971,0,0,0.00,0.00,0.00,0.00,0,173.9,0
   107.0,0,971,0,0,0.00,0.00,0.00,0.00,0,173.9,0
   108.0,0,971,0,0,0.00,0.00,0.00,0.00,0,173.9,0
  2011.0,0,971,0,0,0.00,0.00,0.00,0.00,0,165.2,0
  2011.0,0,971,0,0,0.00,0.00,0.00,0.00,0,164.9,0
  2012.0,0,971,0,0,0.00,0.00,0.00,0.00,0,199.1,0
  2013.0,0,971,0,0,0.00,0.00,0.00,0.00,0,202.7,0
  2014.0,0,971,0,0,0.00,0.00,0.00,0.00,0,202.4,0
  2015.0,0,971,0,0,0.00,0.00,0.00,0.00,0,203.5,0
  2016.0,0,971,0,0,0.00,0.00,0.00,0.00,0,210.4,0
  2017.0,0,971,0,0,0.00,0.00,0.00,0.00,0,209.4,0
  2018.0,0,971,0,0,0.00,0.00,0.00,0.00,0,219.9,0
  2019.0,0,971,0,0,0.00,0.00,0.00,0.00,0,219.2,0
  2020.0,0,971,0,0,0.00,0.00,0.00,0.00,0,221.5,0
  2021.0,0,971,0,0,0.00,0.00,0.00,0.00,0,220.4,0
  2022.0,2,969,0,0,6.29,0.00,4.60,4.60,0,219.8,1400
  2023.0,7,964,0,0,6.67,8.81,4.88,4.88,0,221.7,1400
  2024.0,9,962,0,0,5.47,7.62,4.00,3.70,0,224.1,1400
  2025.0,11,960,0,0,3.00,5.26,2.19,3.20,0,225.0,1400
  2026.0,11,960,0,0,1.73,5.26,1.27,2.48,0,223.4,1400
  2027.0,11,960,0,0,0.00,5.26,0.00,2.02,0,230.7,1400
  2028.0,11,960,0,0,0.00,5.26,0.00,1.71,0,222.3,1400
  2029.0,11,960,0,0,0.00,5.26,0.00,1.48,0,217.7,1400
  2030.0,13,958,0,2,2.92,2.37,4.27,1.78,2,215.5,1400
  2031.0,17,954,0,4,4.24,2.56,5.17,2.23,2,217.4,1400
  2032.0,21,950,0,11,8.02,2.88,9.70,3.07,3,219.0,1400
  2033.0,21,950,0,14,3.74,2.88,7.99,3.06,3,223.6,1400
  2034.0,21,950,0,14,0.00,2.88,1.78,2.81,3,223.0,1400
  2035.0,21,950,0,14,0.00,2.88,0.00,2.61,3,224.7,1400
  2036.0,24,947,0,15,5.70,2.30,5.56,2.70,3,222.4,1400
  2037.0,27,944,0,18,4.77,2.40,5.81,2.92,3,225.4,1400
  2038.0,27,944,0,18,3.99,2.40,3.73,2.74,3,228.4,1400
  2039.0,27,944,0,18,0.00,2.40,0.00,2.58,3,229.0,1400
  2040.0,27,944,0,18,0.00,2.40,0.00,2.44,3,230.5,1400
  2041.0,27,944,0,18,0.00,2.40,0.00,2.32,3,229.5,1400
  2042.0,31,940,0,18,21.88,2.09,16.00,2.40,3,221.6,1400
  2043.0,35,936,0,26,9.26,2.26,13.55,2.85,3,218.5,1400
  2044.0,39,932,0,34,8.76,2.41,13.15,3.25,3,220.7,1400
  2045.0,39,932,0,44,4.22,2.41,11.38,3.54,3,225.0,1400
  2046.0,39,932,0,44,0.00,2.41,5.11,3.40,3,223.1,1400
  2047.0,43,928,0,46,9.59,2.32,10.53,3.50,3,220.9,1400
  2048.0,47,924,0,49,6.97,2.50,8.28,3.63,3,222.2,1400
  2049.0,57,914,0,49,11.23,2.87,9.97,3.86,4,223.8,1400
  2050.0,60,911,0,52,9.43,2.94,8.49,3.94,4,229.7,1400
  2051.0,60,911,0,52,2.76,2.94,3.19,3.80,4,229.1,1400
  2052.0,60,911,0,52,0.00,2.94,0.00,3.68,4,222.5,1400
  2053.0,60,911,0,52,0.00,2.94,0.00,3.56,4,218.1,1400
  2054.0,71,900,0,52,15.97,3.03,11.68,3.79,4,220.2,1400
  2055.0,77,894,0,52,11.97,3.18,8.75,3.86,4,221.4,1400
  2056.0,81,890,0,52,7.10,3.23,5.19,3.86,4,225.2,1400
  2057.0,81,890,0,52,3.19,3.23,2.33,3.75,4,222.3,1400
  2058.0,85,886,0,52,19.19,3.21,14.04,3.76,4,221.2,1400
  2059.0,92,879,0,56,11.69,3.37,11.66,3.95,4,226.2,1400
  2060.0,93,878,0,56,7.57,3.35,6.37,3.88,4,224.2,1400
  2061.0,101,870,0,59,8.40,3.52,8.19,4.06,4,225.6,1400
  2062.0,108,863,0,59,10.29,3.68,9.03,4.13,4,226.5,1400
  2063.0,116,855,0,63,11.40,3.89,10.56,4.32,4,228.0,1400
  2064.0,124,847,0,66,11.16,4.01,11.73,4.48,4,221.4,1400
  2065.0,131,840,0,66,10.40,4.15,9.13,4.54,4,221.9,1400
  2066.0,139,832,0,68,12.49,4.29,10.35,4.66,4,220.8,1400
  2067.0,147,824,0,72,11.53,4.44,11.59,4.82,5,224.4,1400
  2068.0,155,816,0,75,12.21,4.57,12.84,4.95,5,225.4,1400
  2069.0,159,812,0,79,9.24,4.66,10.70,5.02,5,223.8,1400
  2070.0,170,801,0,79,11.37,4.80,10.53,5.14,5,225.6,1400
  2071.0,175,796,0,79,11.36,4.86,8.31,5.14,5,226.2,1400
  2072.0,184,787,0,81,11.69,4.99,9.77,5.25,5,216.6,1400
  2073.0,187,784,0,83,9.02,4.98,8.80,5.25,5,214.8,1400
  2074.0,192,779,0,86,9.96,5.05,8.99,5.30,5,215.9,1400
  2075.0,198,773,0,86,8.70,5.10,8.10,5.31,5,216.4,1400
  2076.0,208,763,0,90,12.19,5.24,11.14,5.47,5,218.2,1400
  2077.0,211,760,0,94,9.30,5.23,10.99,5.50,5,218.9,1400
  2078.0,218,753,0,94,10.88,5.31,8.65,5.53,5,219.7,1400
  2079.0,226,745,0,97,10.93,5.40,9.59,5.62,5,222.7,1400
  2080.0,233,738,0,100,10.35,5.47,10.60,5.70,5,224.1,1400
  2081.0,241,730,0,100,11.35,5.57,9.96,5.74,6,225.0,1400
  2082.0,247,724,0,103,11.05,5.61,9.82,5.79,6,218.6,1400
  2083.0,255,716,0,106,9.76,5.68,10.19,5.88,6,217.8,1400
  2084.0,262,709,0,106,11.10,5.76,9.74,5.89,6,217.2,1400
  2085.0,270,701,0,110,13.33,5.82,12.35,5.99,6,217.6,1400
  2086.0,274,697,0,113,12.24,5.88,10.26,6.01,6,219.8,1400
  2087.0,282,689,0,116,9.52,5.92,10.45,6.08,6,220.6,1400
  2088.0,289,682,0,120,10.27,5.97,11.02,6.16,6,220.6,1400
  2089.0,296,675,0,120,9.76,6.04,9.18,6.17,6,222.2,1400
  2090.0,302,669,0,124,10.00,6.05,9.56,6.22,6,225.2,1400
  2091.0,310,661,0,128,11.41,6.13,11.02,6.31,6,217.3,1400
  2092.0,314,657,0,128,8.64,6.11,8.43,6.28,6,218.3,1400
  2093.0,321,650,0,128,9.24,6.15,6.76,6.29,6,219.1,1400
  2094.0,325,646,0,132,8.88,6.20,8.86,6.31,6,217.1,1400
  2095.0,336,635,0,132,11.41,6.26,10.57,6.37,6,218.1,1400
  2096.0,341,630,0,132,11.10,6.28,8.12,6.35,6,218.8,1400
  2097.0,351,620,0,134,12.29,6.38,10.19,6.43,6,220.0,1400
  2098.0,358,613,0,137,11.79,6.42,11.16,6.48,6,221.4,1400
  2099.0,366,605,0,140,13.34,6.46,11.83,6.53,6,222.5,1400
  2100.0,371,600,0,140,10.70,6.47,9.63,6.51,6,219.1,1400
  2101.0,375,596,0,143,8.86,6.48,8.64,6.52,6,215.7,1400
  2102.0,383,588,0,147,12.78,6.55,11.77,6.59,6,218.0,1400
  2103.0,395,576,0,151,14.11,6.63,14.45,6.70,6,219.3,1400
  2104.0,397,574,0,154,10.07,6.60,11.05,6.68,6,220.5,1400
  2105.0,404,567,0,157,10.14,6.63,8.82,6.72,6,221.4,1400
  2106.0,412,559,0,160,11.26,6.69,11.53,6.77,7,222.4,1400
  2107.0,420,551,0,162,11.82,6.73,11.35,6.81,7,221.9,1400
  2108.0,424,547,0,164,8.85,6.78,8.63,6.80,7,222.5,1400
  2109.0,432,539,0,171,8.73,6.79,11.18,6.90,7,217.8,1400
  2110.0,437,534,0,171,8.93,6.76,10.05,6.87,7,216.8,1400
  2111.0,445,526,0,175,11.29,6.82,10.80,6.93,7,217.5,1400
  2112.0,452,519,0,179,11.20,6.85,12.56,6.98,7,218.9,1400
  2113.0,459,512,0,182,12.10,6.87,10.76,7.01,7,219.8,1400
  2114.0,463,508,0,185,7.67,6.85,8.66,7.01,7,219.9,1400
  2115.0,473,498,0,185,11.56,6.92,10.27,7.04,7,223.6,1400
  2116.0,480,491,0,185,13.93,6.96,10.19,7.04,7,224.2,1400
  2117.0,484,487,0,189,9.93,6.96,9.91,7.05,7,225.3,1400
  2118.0,495,476,0,193,14.60,7.02,13.16,7.13,7,218.2,1400
  2119.0,503,468,0,197,13.28,7.07,13.80,7.18,7,216.0,1400
  2120.0,506,465,0,201,10.89,7.05,10.66,7.18,7,217.3,1400
  2121.0,514,457,0,204,11.41,7.08,9.85,7.22,7,218.4,1400
  2122.0,521,450,0,208,10.82,7.12,11.60,7.26,7,220.7,1400
  2123.0,529,442,0,212,11.46,7.15,12.86,7.31,7,222.1,1400
  2124.0,536,435,0,212,11.83,7.17,10.96,7.30,7,221.4,1400
  2125.0,540,431,0,216,9.16,7.19,9.14,7.31,7,222.3,1400
  2126.0,552,419,0,216,12.07,7.25,11.04,7.35,7,216.9,1400
  2127.0,559,412,0,220,13.23,7.26,11.71,7.39,7,217.8,1400
  2128.0,568,403,0,223,13.04,7.31,11.63,7.43,7,219.1,1400
  2129.0,572,399,0,229,9.62,7.32,11.90,7.46,7,217.1,1400
  2130.0,580,391,0,233,10.18,7.32,11.55,7.50,7,221.5,1400
  2131.0,588,383,0,237,13.04,7.35,14.30,7.54,7,223.3,1400
  2132.0,592,379,0,241,11.70,7.35,11.53,7.54,7,221.9,1400
  2133.0,600,371,0,244,12.31,7.38,11.36,7.57,7,223.1,1400
  2134.0,608,363,0,247,11.24,7.40,11.30,7.60,7,215.7,1400
  2135.0,614,357,0,247,10.31,7.42,9.16,7.59,7,216.9,1400
  2136.0,622,349,0,251,12.29,7.44,11.55,7.63,7,217.5,1400
  2137.0,630,341,0,254,11.76,7.47,12.37,7.66,7,218.4,1400
  2138.0,637,334,0,254,10.85,7.49,9.52,7.65,7,219.6,1400
  2139.0,644,327,0,258,12.21,7.50,11.48,7.68,7,222.8,1400
  2140.0,648,323,0,260,8.47,7.50,9.57,7.67,7,222.2,1400
  2141.0,660,311,0,264,12.62,7.56,12.69,7.74,7,223.9,1400
  2142.0,664,307,0,267,11.35,7.59,11.94,7.73,8,224.0,1400
  2143.0,671,300,0,271,8.57,7.59,10.26,7.76,8,215.7,1400
  2144.0,677,294,0,274,9.48,7.59,10.67,7.77,8,217.7,1400
  2145.0,687,284,0,274,11.60,7.61,10.07,7.79,8,217.3,1400
  2146.0,691,280,0,276,10.61,7.59,8.86,7.77,8,219.4,1400
  2147.0,698,273,0,280,14.53,7.61,12.35,7.80,8,218.6,1400
  2148.0,703,268,0,282,11.74,7.62,10.89,7.79,8,220.3,1400
  2149.0,710,261,0,286,9.91,7.64,10.87,7.82,8,221.4,1400
  2150.0,718,253,0,290,11.38,7.66,12.76,7.85,8,222.4,1400
  2151.0,721,250,0,293,8.19,7.66,9.80,7.83,8,222.9,1400
  2152.0,731,240,0,293,9.94,7.67,8.95,7.85,8,215.6,1400
  2153.0,737,234,0,293,11.08,7.67,8.10,7.84,8,218.0,1400
  2154.0,742,229,0,293,10.05,7.66,7.35,7.82,8,219.6,1400
  2155.0,746,225,0,297,8.59,7.68,9.08,7.82,8,220.1,1400
  2156.0,753,218,0,301,8.91,7.69,11.26,7.84,8,222.3,1400
  2157.0,757,214,0,302,7.88,7.70,8.38,7.82,8,222.6,1400
  2158.0,765,206,0,305,8.36,7.67,8.15,7.84,8,221.1,1400
  2159.0,773,198,0,309,11.90,7.71,12.51,7.87,8,223.0,1400
  2160.0,780,191,0,313,11.92,7.73,13.37,7.90,8,223.1,1400
  2161.0,787,184,0,319,11.21,7.74,14.48,7.93,8,220.9,1399
  2162.0,787,184,0,319,5.26,7.74,7.58,7.88,8,217.3,1399
  2163.0,787,184,0,319,0.00,7.74,0.00,7.82,8,217.7,1399
  2164.0,791,180,0,323,12.18,7.61,17.82,7.82,8,217.3,1399
  2165.0,799,172,0,327,11.32,7.63,13.80,7.85,8,219.2,1399
  2166.0,806,165,0,331,11.29,7.64,12.66,7.87,8,222.8,1399
  2167.0,810,161,0,335,9.65,7.64,9.65,7.87,8,223.2,1399
  2168.0,815,156,0,340,7.60,7.64,9.42,7.89,8,224.8,1399
  2169.0,824,147,0,340,9.74,7.65,9.66,7.90,8,226.0,1399
  2170.0,828,143,0,348,9.27,7.65,10.95,7.92,8,218.0,1399
  2171.0,834,137,0,351,8.78,7.65,11.53,7.93,8,217.4,1399
  2172.0,842,129,0,355,10.28,7.67,11.28,7.96,8,217.9,1399
  2173.0,854,117,0,359,15.99,7.71,16.37,8.01,8,218.5,1399
  2174.0,858,113,0,367,11.92,7.72,15.26,8.04,8,220.3,1399
  2175.0,866,105,0,371,10.92,7.74,13.76,8.06,8,220.8,1399
  2176.0,874,97,0,374,12.38,7.74,13.02,8.08,8,222.6,1399
  2177.0,882,89,0,377,11.59,7.76,11.66,8.10,8,223.9,1399
  2178.0,890,81,0,380,11.79,7.79,11.85,8.12,8,215.9,1399
  2179.0,898,73,0,382,11.67,7.80,11.21,8.13,8,220.2,1399
  2180.0,906,65,0,386,14.85,7.83,12.39,8.15,8,219.4,1399
  2181.0,913,58,0,389,13.24,7.83,11.90,8.17,8,220.8,1399
  2182.0,916,55,0,393,9.68,7.82,9.20,8.16,8,221.7,1399
  2183.0,928,43,0,396,14.69,7.86,11.89,8.20,8,222.6,1399
  2184.0,931,40,0,400,10.37,7.85,11.12,8.19,8,222.1,1399
  2185.0,936,35,0,404,7.69,7.86,8.78,8.20,8,222.5,1399
  2186.0,944,27,0,411,9.61,7.86,12.98,8.24,8,217.4,1399
  2187.0,952,19,0,415,11.51,7.88,14.21,8.26,8,217.3,1399
  2188.0,956,15,0,418,8.41,7.89,9.74,8.26,8,221.5,1399
  2189.0,956,15,0,418,3.01,7.89,3.86,8.21,8,222.4,1399
  2190.0,956,15,0,418,0.00,7.89,0.00,8.16,8,219.3,1399
  2191.0,966,5,0,418,20.11,7.79,14.71,8.17,8,220.8,1399
  2192.0,970,1,0,421,11.40,7.79,10.12,8.16,8,222.4,1399
