QR-Stream run log
role: receiver
started: 2026-10-03T15:10:58.329660
duration: 55s

[device]
platform: android
osVersion: BP4A.251205.006.A175FXXS6CZG1
processors: 8
dartVersion: 3.10.4

[run]
fileName: (hidden).png
totalChunks: 971
transferId: 3850058249
payloadKind: file
chunkBytes: 1400

[events]
     0.0  run started
     0.0  HEL #0 seen (session 041996d91ae3f01c)
     0.0  HEL #0 summary: +0 new, 0 re-reads, 0 reads in 0.0s (0.0/s), 971 still missing
     3.0  start tapped: 0 of 971 held
     4.3  relay push ok: hel #0, rev 1
    55.4  reset by user
    55.4  session report sent

[samples] one row per second
t,received,missing,corrupt,dupes,liveKBps,avgKBps,decodesPerSec,avgDecodesPerSec,recommendedFps,rssMB,chunkBytesSeen
     1.0,0,971,0,0,0.00,0.00,0.00,0.00,0,248.4,0
     2.0,0,971,0,0,0.00,0.00,0.00,0.00,0,249.7,0
     3.0,0,971,0,0,0.00,0.00,0.00,0.00,0,250.2,0
     4.0,0,971,0,0,0.00,0.00,0.00,0.00,0,249.0,0
     5.0,0,971,0,0,0.00,0.00,0.00,0.00,0,251.0,0
     6.0,0,971,0,0,0.00,0.00,0.00,0.00,0,250.8,0
     7.0,0,971,0,0,0.00,0.00,0.00,0.00,0,251.6,0
     8.0,0,971,0,0,0.00,0.00,0.00,0.00,0,253.9,0
     9.0,0,971,0,0,0.00,0.00,0.00,0.00,0,253.4,0
    10.0,0,971,0,0,0.00,0.00,0.00,0.00,0,254.1,0
    11.0,0,971,0,0,0.00,0.00,0.00,0.00,0,256.2,0
    12.0,0,971,0,0,0.00,0.00,0.00,0.00,0,256.8,0
    13.0,0,971,0,0,0.00,0.00,0.00,0.00,0,258.3,0
    14.0,0,971,0,0,0.00,0.00,0.00,0.00,0,259.0,0
    15.0,0,971,0,0,0.00,0.00,0.00,0.00,0,249.2,0
    16.0,0,971,0,0,0.00,0.00,0.00,0.00,0,249.0,0
    17.0,0,971,0,0,0.00,0.00,0.00,0.00,0,248.7,0
    18.0,0,971,0,0,0.00,0.00,0.00,0.00,0,247.9,0
    19.0,0,971,0,0,0.00,0.00,0.00,0.00,0,249.5,0
    20.0,0,971,0,0,0.00,0.00,0.00,0.00,0,250.9,0
    21.0,0,971,0,0,0.00,0.00,0.00,0.00,0,250.8,0
    22.0,0,971,0,0,0.00,0.00,0.00,0.00,0,252.5,0
    23.0,0,971,0,0,0.00,0.00,0.00,0.00,0,252.4,0
    24.0,0,971,0,0,0.00,0.00,0.00,0.00,0,256.1,0
    25.0,0,971,0,0,0.00,0.00,0.00,0.00,0,257.9,0
    26.0,0,971,0,0,0.00,0.00,0.00,0.00,0,257.0,0
    27.0,0,971,0,0,0.00,0.00,0.00,0.00,0,259.2,0
    28.0,0,971,0,0,0.00,0.00,0.00,0.00,0,251.5,0
    29.0,0,971,0,0,0.00,0.00,0.00,0.00,0,247.4,0
    30.0,0,971,0,0,0.00,0.00,0.00,0.00,0,248.7,0
    31.0,0,971,0,0,0.00,0.00,0.00,0.00,0,248.3,0
    32.0,0,971,0,0,0.00,0.00,0.00,0.00,0,249.0,0
    33.0,0,971,0,0,0.00,0.00,0.00,0.00,0,249.3,0
    34.0,0,971,0,0,0.00,0.00,0.00,0.00,0,251.6,0
    35.0,0,971,0,0,0.00,0.00,0.00,0.00,0,252.2,0
    36.0,0,971,0,0,0.00,0.00,0.00,0.00,0,249.1,0
    37.0,0,971,0,0,0.00,0.00,0.00,0.00,0,250.0,0
    38.0,0,971,0,0,0.00,0.00,0.00,0.00,0,250.9,0
    39.0,0,971,0,0,0.00,0.00,0.00,0.00,0,252.2,0
    40.0,0,971,0,0,0.00,0.00,0.00,0.00,0,251.1,0
    41.0,0,971,0,0,0.00,0.00,0.00,0.00,0,252.1,0
    42.0,0,971,0,0,0.00,0.00,0.00,0.00,0,251.2,0
    43.0,0,971,0,0,0.00,0.00,0.00,0.00,0,250.6,0
    44.0,0,971,0,0,0.00,0.00,0.00,0.00,0,251.7,0
    45.0,0,971,0,0,0.00,0.00,0.00,0.00,0,253.0,0
    46.0,0,971,0,0,0.00,0.00,0.00,0.00,0,246.1,0
    47.0,0,971,0,0,0.00,0.00,0.00,0.00,0,244.3,0
    48.0,0,971,0,0,0.00,0.00,0.00,0.00,0,244.4,0
    49.0,0,971,0,0,0.00,0.00,0.00,0.00,0,245.1,0
    50.0,0,971,0,0,0.00,0.00,0.00,0.00,0,244.4,0
    51.0,0,971,0,0,0.00,0.00,0.00,0.00,0,247.1,0
    52.0,0,971,0,0,0.00,0.00,0.00,0.00,0,252.2,0
    53.0,0,971,0,0,0.00,0.00,0.00,0.00,0,254.0,0
    54.0,0,971,0,0,0.00,0.00,0.00,0.00,0,254.6,0
    55.0,0,971,0,0,0.00,0.00,0.00,0.00,0,254.5,0
