QR-Stream run log
role: receiver
started: 2026-10-06T18:54:59.908864
duration: 40s

[device]
platform: android
osVersion: BP4A.251205.006.A175FXXS7CZI4
processors: 8
dartVersion: 3.10.4

[run]
fileName: (hidden).zip
totalChunks: 81
transferId: 556812524
payloadKind: file
chunkBytes: 1400

[events]
     0.0  run started
     0.0  HEL #0 seen (session 0c4326b41166bd46)
     0.0  HEL #0 summary: +0 new, 0 re-reads, 0 reads in 0.0s (0.0/s), 81 still missing
    23.9  start tapped: 0 of 81 held; camera 12/s kept (loaded 12/s), start code read at 27/s
    25.1  relay push ok: hel #0, rev 1
    33.8  END #1 seen (session 0c4326b41166bd46)
    33.8  round 1 summary: +59 new, 13 re-reads, 72 reads in 6.9s (10.4/s), 22 still missing
    35.4  relay push ok: end #1, rev 2
    38.7  complete: all 81 chunks received
    38.7  summary: 0.11 MB in 11.8s = 9.4 KB/s
    38.8  kept a copy at (path)
    40.0  relay push ok: done #0, rev 3
    40.0  session report sent

[samples] one row per second
t,received,missing,corrupt,dupes,liveKBps,avgKBps,decodesPerSec,avgDecodesPerSec,recommendedFps,rssMB,chunkBytesSeen
     1.0,0,81,0,0,0.00,0.00,0.00,0.00,0,253.7,0
     2.0,0,81,0,0,0.00,0.00,0.00,0.00,0,256.0,0
     3.0,0,81,0,0,0.00,0.00,0.00,0.00,0,257.3,0
     4.0,0,81,0,0,0.00,0.00,0.00,0.00,0,257.9,0
     5.0,0,81,0,0,0.00,0.00,0.00,0.00,0,259.4,0
     6.0,0,81,0,0,0.00,0.00,0.00,0.00,0,249.8,0
     7.0,0,81,0,0,0.00,0.00,0.00,0.00,0,250.0,0
     8.0,0,81,0,0,0.00,0.00,0.00,0.00,0,250.3,0
     9.0,0,81,0,0,0.00,0.00,0.00,0.00,0,251.7,0
    10.0,0,81,0,0,0.00,0.00,0.00,0.00,0,254.5,0
    11.0,0,81,0,0,0.00,0.00,0.00,0.00,0,254.5,0
    12.0,0,81,0,0,0.00,0.00,0.00,0.00,0,255.3,0
    13.0,0,81,0,0,0.00,0.00,0.00,0.00,0,255.6,0
    14.0,0,81,0,0,0.00,0.00,0.00,0.00,0,256.8,0
    15.0,0,81,0,0,0.00,0.00,0.00,0.00,0,259.6,0
    16.0,0,81,0,0,0.00,0.00,0.00,0.00,0,252.6,0
    17.0,0,81,0,0,0.00,0.00,0.00,0.00,0,250.0,0
    18.0,0,81,0,0,0.00,0.00,0.00,0.00,0,251.9,0
    19.0,0,81,0,0,0.00,0.00,0.00,0.00,0,253.8,0
    20.0,0,81,0,0,0.00,0.00,0.00,0.00,0,254.0,0
    21.0,0,81,0,0,0.00,0.00,0.00,0.00,0,258.9,0
    22.0,0,81,0,0,0.00,0.00,0.00,0.00,0,257.2,0
    23.0,0,81,0,0,0.00,0.00,0.00,0.00,0,258.1,0
    24.0,0,81,0,0,0.00,0.00,0.00,0.00,0,259.3,0
    25.0,0,81,0,0,0.00,0.00,0.00,0.00,0,259.9,0
    26.0,0,81,0,0,0.00,0.00,0.00,0.00,0,261.2,0
    27.0,1,80,0,0,5.47,0.00,4.00,25.00,0,264.4,1400
    28.0,8,73,0,0,10.53,12.59,7.70,7.70,0,259.0,1400
    29.0,19,62,0,0,15.19,13.05,11.11,9.32,0,256.4,1400
    30.0,31,50,0,4,17.35,14.07,14.89,11.51,0,258.3,1400
    31.0,43,38,0,4,18.59,15.34,15.86,11.64,0,257.3,1400
    32.0,49,32,0,7,14.83,13.54,12.66,11.11,11,258.1,1400
    33.0,56,25,0,10,12.16,12.73,10.58,10.93,11,260.8,1400
    34.0,59,22,0,13,8.07,12.20,9.76,10.23,11,261.9,1392
    35.0,59,22,0,13,2.40,12.20,3.94,8.96,11,262.4,1392
    36.0,59,22,0,13,0.00,12.20,0.00,7.97,11,261.1,1392
    37.0,61,20,0,13,10.94,8.41,8.00,7.37,7,253.5,1393
    38.0,73,8,0,13,16.22,9.21,11.86,7.79,8,254.2,1394
