QR-Stream run log
role: receiver
started: 2026-10-03T21:37:40.362253
duration: 177s

[device]
platform: android
osVersion: BP4A.251205.006.A175FXXS6CZG1
processors: 8
dartVersion: 3.10.4

[run]
fileName: (hidden).png
totalChunks: 971
transferId: 3850058249
payloadKind: file
chunkBytes: 1400

[events]
     0.0  run started
     0.0  HEL #0 seen (session 0e7624de687a8f21)
     0.0  HEL #0 summary: +0 new, 0 re-reads, 0 reads in 0.0s (0.0/s), 971 still missing
     7.3  start tapped: 0 of 971 held; camera not known yet, start code read at 14/s
     8.8  relay push ok: hel #0, rev 1
    76.6  CHK #1 seen (session 0e7624de687a8f21)
    76.6  CHK #1 summary: +438 new, 31 re-reads, 469 reads in 57.8s (8.1/s), 533 still missing
    78.0  relay push ok: chk #1, rev 2
   108.9  END #2 seen (session 0e7624de687a8f21)
   108.9  round 1 summary: +183 new, 80 re-reads, 263 reads in 28.9s (9.1/s), 350 still missing
   110.3  relay push ok: end #2, rev 3
   157.3  END #3 seen (session 0e7624de687a8f21)
   157.3  round 2 summary: +295 new, 78 re-reads, 373 reads in 44.1s (8.5/s), 55 still missing
   158.6  relay push ok: end #3, rev 4
   176.4  complete: all 971 chunks received
   176.4  camera rate kept for next time: 9/s
   176.4  summary: 1.30 MB in 165.6s = 8.0 KB/s
   176.5  kept a copy at (path)
   177.6  relay push ok: done #0, rev 5
   177.6  session report sent

[samples] one row per second
t,received,missing,corrupt,dupes,liveKBps,avgKBps,decodesPerSec,avgDecodesPerSec,recommendedFps,rssMB,chunkBytesSeen
     1.0,0,971,0,0,0.00,0.00,0.00,0.00,0,256.4,0
     2.0,0,971,0,0,0.00,0.00,0.00,0.00,0,256.4,0
     3.0,0,971,0,0,0.00,0.00,0.00,0.00,0,243.3,0
     4.0,0,971,0,0,0.00,0.00,0.00,0.00,0,244.3,0
     5.0,0,971,0,0,0.00,0.00,0.00,0.00,0,244.9,0
     6.0,0,971,0,0,0.00,0.00,0.00,0.00,0,246.8,0
     7.0,0,971,0,0,0.00,0.00,0.00,0.00,0,248.0,0
     8.0,0,971,0,0,0.00,0.00,0.00,0.00,0,248.8,0
     9.0,0,971,0,0,0.00,0.00,0.00,0.00,0,249.6,0
    10.0,0,971,0,0,0.00,0.00,0.00,0.00,0,252.0,0
    11.0,2,969,0,0,10.94,0.00,8.00,13.33,0,252.5,1400
    12.0,8,963,0,0,9.61,11.15,6.96,6.96,0,249.7,1400
    13.0,12,959,0,0,8.83,8.40,6.46,5.58,0,252.3,1400
    14.0,19,952,0,0,12.68,8.98,9.27,6.03,0,253.6,1400
    15.0,23,948,0,0,9.01,7.76,6.59,5.54,6,256.1,1400
    16.0,29,942,0,0,7.39,8.01,5.41,5.63,6,256.1,1400
    17.0,35,936,0,0,10.10,7.87,7.38,5.69,6,247.8,1400
    18.0,42,929,0,0,12.07,8.35,8.83,5.87,6,244.1,1400
    19.0,50,921,0,0,12.21,8.80,8.93,6.14,6,248.5,1400
    20.0,58,913,0,4,12.02,9.44,10.99,6.78,7,248.3,1400
    21.0,61,910,0,4,7.61,9.10,7.59,6.40,7,242.1,1400
    22.0,69,902,0,4,7.63,8.67,5.58,6.55,7,246.0,1400
    23.0,80,891,0,4,13.13,9.10,9.60,6.91,7,245.4,1400
    24.0,91,880,0,4,15.91,9.51,11.63,7.22,7,245.9,1400
    25.0,98,873,0,4,13.87,9.66,10.15,7.21,7,247.3,1400
    26.0,107,864,0,4,12.73,9.80,9.31,7.33,7,248.7,1400
    27.0,110,861,0,8,9.26,9.52,9.03,7.30,7,241.5,1400
    28.0,121,850,0,8,14.22,9.76,10.00,7.52,7,241.4,1400
    29.0,135,836,0,8,17.95,10.19,13.13,7.88,8,244.3,1400
    30.0,140,831,0,8,13.64,10.11,9.97,7.73,8,243.4,1400
    31.0,152,819,0,8,13.93,10.47,10.19,7.94,8,244.9,1400
    32.0,155,816,0,8,11.42,10.14,8.35,7.71,8,246.8,1400
    33.0,166,805,0,8,11.16,10.33,8.16,7.86,8,246.0,1400
    34.0,173,798,0,12,13.00,10.28,11.62,7.99,8,248.0,1400
    35.0,184,787,0,12,16.30,10.47,11.36,8.12,8,249.4,1400
    36.0,194,777,0,12,15.19,10.59,11.11,8.19,8,240.4,1400
    37.0,200,771,0,12,11.70,10.60,8.56,8.11,8,239.6,1400
    38.0,206,765,0,15,9.49,10.61,8.68,8.14,8,240.9,1400
    39.0,210,761,0,15,7.23,10.25,6.88,7.99,8,242.7,1400
    40.0,216,755,0,18,7.37,10.17,7.00,8.03,8,244.1,1400
    41.0,227,744,0,18,12.60,10.40,10.84,8.13,8,247.4,1400
    42.0,235,736,0,18,13.93,10.37,10.19,8.12,8,247.1,1400
    43.0,245,726,0,18,12.99,10.43,9.50,8.18,8,249.2,1400
    44.0,256,715,0,18,16.05,10.58,11.74,8.27,8,249.3,1400
    45.0,268,703,0,18,18.87,10.78,13.81,8.37,8,241.2,1400
    46.0,277,694,0,18,16.06,10.80,11.74,8.39,8,241.7,1400
    47.0,280,691,0,18,9.73,10.74,7.12,8.24,8,244.5,1400
    48.0,280,691,0,18,2.73,10.74,1.99,8.02,8,243.4,1400
    49.0,281,690,0,18,2.22,10.24,1.62,7.84,8,245.0,1400
    50.0,281,690,0,18,0.85,10.24,0.62,7.64,8,241.7,1400
    51.0,285,686,0,18,10.32,9.84,7.55,7.55,8,244.2,1400
    52.0,287,684,0,20,5.37,9.62,5.23,7.46,8,244.6,1400
    53.0,293,678,0,20,8.18,9.59,5.02,7.43,8,244.7,1400
    54.0,294,677,0,20,5.08,9.43,3.72,7.28,8,247.3,1400
    55.0,294,677,0,20,0.89,9.43,0.65,7.11,8,248.3,1400
    56.0,300,671,0,20,13.00,9.12,9.51,7.09,7,249.4,1400
    57.0,310,661,0,20,13.41,9.19,9.81,7.15,7,252.3,1400
    58.0,316,655,0,20,12.44,9.22,9.10,7.13,7,253.0,1400
    59.0,324,647,0,20,12.40,9.31,9.07,7.14,7,252.0,1400
    60.0,334,637,0,23,13.40,9.37,11.43,7.26,7,244.2,1400
    61.0,345,626,0,23,14.60,9.43,12.21,7.34,7,246.7,1400
    62.0,350,621,0,23,12.62,9.40,9.23,7.29,7,246.1,1400
    63.0,355,616,0,23,8.71,9.31,6.37,7.25,7,246.8,1400
    64.0,356,615,0,23,5.06,9.21,3.70,7.13,7,245.4,1400
    65.0,356,615,0,23,1.07,9.21,0.78,7.00,7,246.7,1400
    66.0,356,615,0,23,0.00,9.21,0.00,6.87,7,246.6,1400
    67.0,361,610,0,23,10.22,8.83,7.47,6.84,7,248.2,1400
    68.0,371,600,0,23,12.29,8.91,8.99,6.89,7,246.3,1400
    69.0,383,588,0,27,15.81,9.06,13.67,7.05,7,248.9,1400
    70.0,395,576,0,27,16.83,9.16,14.36,7.13,7,244.5,1400
    71.0,400,571,0,27,12.54,9.11,9.17,7.10,7,240.8,1400
    72.0,406,565,0,27,9.43,9.10,6.90,7.08,7,243.0,1400
    73.0,409,562,0,27,8.11,9.11,5.93,7.02,7,241.7,1400
    74.0,418,553,0,27,9.34,9.09,6.83,7.05,7,244.0,1400
    75.0,426,545,0,31,12.03,9.18,10.87,7.12,7,246.1,1400
    76.0,433,538,0,31,10.64,9.15,9.85,7.12,7,245.6,1400
    77.0,438,533,0,31,8.75,9.12,6.40,7.09,7,252.2,1400
    78.0,438,533,0,31,3.67,9.12,2.68,6.98,7,250.3,1400
    79.0,438,533,0,31,0.00,9.12,0.00,6.88,7,251.8,1400
    80.0,438,533,0,31,0.00,9.12,0.00,6.78,7,252.7,1400
    81.0,444,527,0,35,8.65,8.69,10.55,6.83,7,250.0,1400
    82.0,450,521,0,35,8.42,8.69,8.21,6.82,7,251.7,1400
    83.0,457,514,0,39,10.27,8.69,9.82,6.87,7,243.9,1400
    84.0,465,506,0,41,12.12,8.70,10.75,6.92,7,242.5,1400
    85.0,472,499,0,45,14.83,8.72,11.46,6.97,7,243.8,1400
    86.0,480,491,0,49,10.97,8.76,12.31,7.04,7,245.1,1400
    87.0,484,487,0,56,8.60,8.77,12.06,7.09,7,246.4,1400
    88.0,490,481,0,56,8.05,8.76,8.78,7.08,7,247.2,1400
    89.0,490,481,0,57,4.39,8.76,3.75,7.00,7,249.6,1400
    90.0,495,476,0,61,7.55,8.62,5.63,7.02,7,252.1,1400
    91.0,502,469,0,61,8.61,8.59,8.40,7.02,7,252.0,1400
    92.0,510,461,0,65,12.75,8.61,11.82,7.09,7,246.0,1400
    93.0,518,453,0,65,11.17,8.67,10.21,7.10,7,245.5,1400
    94.0,521,450,0,71,8.48,8.63,9.59,7.12,7,244.8,1400
    95.0,529,442,0,75,9.69,8.64,10.98,7.18,7,245.2,1400
    96.0,535,436,0,75,10.52,8.62,9.89,7.16,7,246.1,1400
    97.0,539,432,0,77,8.45,8.58,7.42,7.15,7,247.0,1400
    98.0,546,425,0,80,12.14,8.59,9.43,7.18,7,248.1,1400
    99.0,555,416,0,83,11.51,8.63,11.58,7.24,7,248.0,1400
   100.0,559,412,0,85,10.09,8.61,10.21,7.22,7,250.5,1400
   101.0,566,405,0,85,8.71,8.64,7.53,7.22,7,244.7,1400
   102.0,574,397,0,85,10.34,8.63,7.56,7.23,7,244.9,1400
   103.0,578,393,0,93,8.46,8.64,10.31,7.28,7,246.1,1400
   104.0,589,382,0,96,12.36,8.66,13.44,7.35,7,246.6,1400
   105.0,592,379,0,100,9.67,8.63,10.61,7.35,7,246.5,1400
   106.0,600,371,0,103,11.11,8.64,9.88,7.39,7,248.0,1400
   107.0,607,364,0,103,10.33,8.66,9.06,7.38,7,245.8,1400
   108.0,615,356,0,106,11.80,8.66,10.36,7.42,7,248.5,1400
   109.0,621,350,0,111,9.91,8.68,11.39,7.46,7,252.8,1400
   110.0,621,350,0,111,4.45,8.68,5.97,7.38,7,242.9,1400
   111.0,621,350,0,111,0.00,8.68,0.00,7.31,7,243.0,1400
   112.0,623,348,0,111,10.94,8.43,8.00,7.26,7,242.9,1400
   113.0,629,342,0,113,10.11,8.45,9.24,7.26,7,243.7,1400
   114.0,636,335,0,117,10.22,8.45,10.93,7.30,7,244.6,1400
   115.0,636,335,0,117,4.79,8.45,5.51,7.23,7,247.1,1400
   116.0,640,331,0,120,6.02,8.39,7.70,7.23,7,248.2,1400
   117.0,651,320,0,120,10.75,8.40,9.43,7.26,7,250.8,1400
   118.0,658,313,0,124,12.58,8.41,11.24,7.30,7,252.3,1400
   119.0,666,305,0,128,10.90,8.42,12.23,7.34,7,250.5,1400
   120.0,673,298,0,128,11.01,8.44,10.20,7.34,7,245.4,1400
   121.0,681,290,0,131,13.87,8.46,12.17,7.37,7,243.0,1400
   122.0,684,287,0,131,8.27,8.43,7.70,7.33,7,243.7,1400
   123.0,696,275,0,131,16.80,8.49,12.29,7.37,7,244.7,1400
   124.0,700,271,0,135,12.20,8.51,11.15,7.38,7,245.1,1400
   125.0,710,261,0,135,11.24,8.53,10.57,7.40,7,247.3,1400
   126.0,714,257,0,142,10.29,8.53,11.29,7.43,7,248.0,1400
   127.0,721,250,0,142,9.16,8.52,9.13,7.43,7,249.4,1400
   128.0,729,242,0,145,12.15,8.56,10.66,7.46,7,252.5,1400
   129.0,735,236,0,145,9.81,8.54,8.71,7.45,7,245.8,1400
   130.0,740,231,0,145,8.36,8.52,6.11,7.43,7,244.0,1400
   131.0,748,223,0,149,10.78,8.52,10.31,7.47,7,245.2,1400
   132.0,752,219,0,151,8.29,8.51,9.10,7.45,7,244.8,1400
   133.0,763,208,0,151,11.45,8.54,9.49,7.48,7,247.2,1400
   134.0,770,201,0,151,13.81,8.57,10.10,7.48,7,246.4,1400
   135.0,772,199,0,153,7.58,8.51,6.77,7.45,7,248.3,1400
   136.0,776,195,0,153,7.38,8.50,4.67,7.42,7,246.9,1400
   137.0,787,184,0,157,16.17,8.53,14.98,7.48,7,251.0,1400
   138.0,791,180,0,161,10.71,8.53,12.01,7.49,7,249.7,1400
   139.0,797,174,0,161,10.55,8.52,8.48,7.48,7,246.4,1400
   140.0,805,166,0,164,11.33,8.55,10.06,7.50,7,244.9,1400
   141.0,812,159,0,164,10.94,8.55,9.61,7.50,7,246.7,1400
   142.0,816,155,0,166,9.28,8.56,8.02,7.49,7,246.9,1400
   143.0,820,151,0,168,5.82,8.54,6.38,7.48,7,247.8,1400
   144.0,827,144,0,171,7.88,8.49,8.38,7.50,7,246.1,1400
   145.0,835,136,0,171,10.95,8.52,9.61,7.50,7,247.6,1400
   146.0,842,129,0,174,12.50,8.53,10.97,7.52,7,248.7,1400
   147.0,848,123,0,174,9.82,8.52,8.84,7.51,7,248.4,1400
   148.0,854,117,0,174,12.05,8.52,8.82,7.50,7,249.6,1400
   149.0,861,110,0,177,10.75,8.54,9.68,7.51,7,250.3,1400
   150.0,865,106,0,180,9.23,8.51,10.44,7.51,7,244.8,1400
   151.0,871,100,0,180,8.07,8.51,7.67,7.50,7,243.5,1400
   152.0,879,92,0,180,11.33,8.54,8.29,7.50,7,245.2,1400
   153.0,886,85,0,183,10.42,8.56,9.15,7.52,7,247.5,1400
   154.0,894,77,0,183,10.48,8.56,9.20,7.52,7,248.4,1400
   155.0,900,71,0,183,11.17,8.55,8.17,7.51,7,248.5,1400
   156.0,908,63,0,187,11.76,8.57,11.06,7.54,7,250.4,1400
   157.0,916,55,0,187,10.85,8.57,10.18,7.55,7,250.2,1399
   158.0,916,55,0,189,5.81,8.57,5.60,7.51,7,252.2,1399
   159.0,916,55,0,189,0.00,8.57,1.02,7.46,7,252.6,1399
   160.0,916,55,0,189,0.00,8.57,0.00,7.41,7,243.7,1399
   161.0,924,47,0,192,17.73,8.41,17.83,7.43,7,242.2,1399
   162.0,925,46,0,193,7.60,8.39,8.03,7.40,7,242.4,1399
   163.0,932,39,0,193,7.69,8.39,6.32,7.39,7,245.2,1399
   164.0,944,27,0,193,13.75,8.43,10.06,7.42,7,245.8,1399
   165.0,948,23,0,196,11.30,8.41,9.81,7.42,7,247.8,1399
   166.0,956,15,0,196,14.97,8.44,9.39,7.43,7,248.6,1399
   167.0,964,7,0,198,13.18,8.45,10.84,7.44,7,250.4,1399
   168.0,967,4,0,201,7.52,8.45,8.00,7.43,7,251.1,1399
   169.0,970,1,0,209,4.56,8.39,9.45,7.45,7,252.1,1399
   170.0,970,1,0,216,3.54,8.39,9.72,7.45,7,247.9,1399
   171.0,970,1,0,227,0.00,8.39,10.98,7.47,7,244.2,1399
   172.0,970,1,0,236,0.00,8.39,10.06,7.48,7,244.1,1399
   173.0,970,1,0,242,0.00,8.39,8.19,7.47,7,243.6,1399
   174.0,970,1,0,253,0.00,8.39,10.25,7.50,7,245.1,1399
   175.0,970,1,0,258,0.00,8.39,9.42,7.48,7,250.2,1399
   176.0,970,1,0,260,0.00,8.39,5.22,7.45,7,247.6,1399
