QR-Stream run log
role: receiver
started: 2026-10-03T16:02:32.326266
duration: 196s

[device]
platform: android
osVersion: BP4A.251205.006.A175FXXS6CZG1
processors: 8
dartVersion: 3.10.4

[run]
fileName: (hidden).png
totalChunks: 971
transferId: 3850058249
payloadKind: file
chunkBytes: 1400

[events]
     0.0  run started
     0.0  HEL #0 seen (session 0e7f16253364f134)
     0.0  HEL #0 summary: +0 new, 0 re-reads, 0 reads in 0.0s (0.0/s), 971 still missing
     6.6  start tapped: 0 of 971 held
     7.7  relay push ok: hel #0, rev 1
    36.3  CHK #1 seen (session 0e7f16253364f134)
    36.3  CHK #1 summary: +131 new, 1 re-reads, 132 reads in 20.1s (6.6/s), 840 still missing
    37.6  relay push ok: chk #1, rev 2
    96.1  END #2 seen (session 0e7f16253364f134)
    96.1  round 1 summary: +219 new, 312 re-reads, 531 reads in 56.5s (9.4/s), 621 still missing
    97.8  relay push ok: end #2, rev 3
   180.2  END #3 seen (session 0e7f16253364f134)
   180.2  round 2 summary: +566 new, 276 re-reads, 842 reads in 80.9s (10.4/s), 55 still missing
   181.3  relay push ok: end #3, rev 4
   195.2  complete: all 971 chunks received
   195.2  summary: 1.30 MB in 185.6s = 7.1 KB/s
   195.2  kept a copy at (path)
   196.3  relay push ok: done #0, rev 5
   196.3  session report sent

[samples] one row per second
t,received,missing,corrupt,dupes,liveKBps,avgKBps,decodesPerSec,avgDecodesPerSec,recommendedFps,rssMB,chunkBytesSeen
     1.0,0,971,0,0,0.00,0.00,0.00,0.00,0,246.4,0
     2.0,0,971,0,0,0.00,0.00,0.00,0.00,0,242.6,0
     3.0,0,971,0,0,0.00,0.00,0.00,0.00,0,244.7,0
     4.0,0,971,0,0,0.00,0.00,0.00,0.00,0,245.4,0
     5.0,0,971,0,0,0.00,0.00,0.00,0.00,0,247.4,0
     6.0,0,971,0,0,0.00,0.00,0.00,0.00,0,247.4,0
     7.0,0,971,0,0,0.00,0.00,0.00,0.00,0,250.8,0
     8.0,0,971,0,0,0.00,0.00,0.00,0.00,0,250.8,0
     9.0,0,971,0,0,0.00,0.00,0.00,0.00,0,251.3,0
    10.0,1,970,0,0,2.82,0.00,2.06,2.06,0,247.9,1400
    11.0,1,970,0,1,0.92,0.00,1.35,1.35,0,251.6,1400
    12.0,2,969,0,1,2.25,1.46,1.04,1.21,0,248.5,1400
    13.0,2,969,0,1,0.85,1.46,0.62,0.86,0,252.7,1400
    14.0,5,966,0,1,6.56,1.58,4.80,1.34,1,250.9,1400
    15.0,9,962,0,1,5.89,2.37,4.31,1.82,2,252.4,1400
    16.0,12,959,0,1,5.75,2.55,4.21,2.00,2,255.5,1400
    17.0,12,959,0,1,2.41,2.55,1.76,1.74,2,252.5,1400
    18.0,14,957,0,1,7.57,2.36,5.52,1.77,2,256.4,1400
    19.0,18,953,0,1,6.02,2.67,4.41,2.00,2,256.0,1400
    20.0,18,953,0,1,2.86,2.67,2.10,1.81,2,256.2,1400
    21.0,18,953,0,1,0.00,2.67,0.00,1.65,2,246.7,1400
    22.0,22,949,0,1,7.19,2.50,5.26,1.84,2,243.6,1400
    23.0,29,942,0,1,8.54,2.95,6.24,2.22,2,249.0,1400
    24.0,40,931,0,1,15.81,3.79,11.56,2.83,3,251.3,1400
    25.0,42,929,0,1,10.16,3.77,7.43,2.78,3,251.0,1400
    26.0,48,923,0,1,8.83,4.06,6.46,2.97,3,252.5,1400
    27.0,58,913,0,1,13.01,4.61,9.51,3.37,3,248.0,1400
    28.0,63,908,0,1,10.39,4.71,7.60,3.46,3,248.5,1400
    29.0,68,903,0,1,8.33,4.80,6.09,3.54,3,251.5,1400
    30.0,76,895,0,1,12.06,5.19,8.82,3.76,4,251.9,1400
    31.0,82,889,0,1,11.23,5.34,8.21,3.86,4,246.6,1400
    32.0,91,880,0,1,10.43,5.55,7.63,4.09,4,244.0,1400
    33.0,97,874,0,1,11.14,5.68,8.15,4.17,4,243.6,1400
    34.0,107,864,0,1,13.17,6.01,9.63,4.41,4,246.7,1400
    35.0,118,853,0,1,16.66,6.36,12.19,4.67,4,248.2,1400
    36.0,127,844,0,1,15.31,6.58,11.20,4.83,5,246.4,1400
    37.0,131,840,0,1,9.75,6.69,7.14,4.80,5,252.1,1400
    38.0,131,840,0,1,3.20,6.69,2.34,4.63,5,251.8,1400
    39.0,131,840,0,1,0.00,6.69,0.00,4.48,5,252.9,1400
    40.0,135,836,0,4,18.23,6.06,23.33,4.56,5,249.1,1400
    41.0,138,833,0,7,7.38,6.05,10.03,4.61,5,246.9,1400
    42.0,141,830,0,13,6.39,5.95,9.25,4.74,5,244.6,1400
    43.0,144,827,0,15,7.53,5.91,7.24,4.75,5,245.5,1400
    44.0,145,826,0,20,4.65,5.89,6.93,4.78,5,246.2,1400
    45.0,148,823,0,23,3.00,5.85,6.59,4.82,5,244.0,1400
    46.0,154,817,0,25,6.43,5.78,7.31,4.91,5,245.6,1400
    47.0,157,814,0,27,6.27,5.74,6.62,4.91,5,248.0,1400
    48.0,163,808,0,28,7.07,5.85,6.89,4.96,5,248.7,1400
    49.0,166,805,0,34,6.98,5.76,9.08,5.07,5,251.4,1400
    50.0,172,799,0,36,6.31,5.84,8.72,5.14,5,253.0,1400
    51.0,172,799,0,42,4.80,5.84,8.19,5.16,5,252.7,1400
    52.0,176,795,0,43,7.72,5.72,5.84,5.15,5,251.4,1400
    53.0,183,788,0,45,8.82,5.78,8.20,5.24,5,243.6,1400
    54.0,188,783,0,50,8.97,5.79,9.58,5.35,5,244.2,1400
    55.0,192,779,0,58,7.82,5.78,12.13,5.50,5,247.0,1400
    56.0,192,779,0,64,5.29,5.78,10.26,5.51,5,248.4,1400
    57.0,200,771,0,68,14.35,5.78,10.50,5.64,5,247.3,1400
    58.0,204,767,0,80,9.31,5.76,15.89,5.86,6,248.9,1400
    59.0,208,763,0,88,10.16,5.75,14.55,5.98,6,250.6,1400
    60.0,211,760,0,96,9.11,5.72,13.24,6.08,6,250.6,1400
    61.0,216,755,0,103,10.52,5.75,13.23,6.20,6,245.7,1400
    62.0,216,755,0,115,4.08,5.75,14.31,6.31,6,246.9,1400
    63.0,224,747,0,123,11.74,5.74,15.02,6.49,6,247.9,1400
    64.0,224,747,0,134,5.66,5.74,13.98,6.57,6,248.8,1400
    65.0,228,743,0,141,5.51,5.72,11.90,6.65,6,250.1,1400
    66.0,232,739,0,147,5.49,5.68,10.54,6.71,6,248.8,1400
    67.0,235,736,0,149,4.82,5.61,7.55,6.68,6,249.4,1400
    68.0,243,728,0,152,8.70,5.69,9.25,6.75,7,247.1,1400
    69.0,243,728,0,159,5.87,5.69,9.67,6.76,7,243.5,1400
    70.0,247,724,0,164,6.11,5.64,9.56,6.80,7,246.6,1400
    71.0,255,716,0,168,8.66,5.68,11.08,6.88,7,245.4,1400
    72.0,255,716,0,173,6.30,5.68,9.79,6.85,7,245.9,1400
    73.0,259,712,0,175,7.87,5.59,6.39,6.84,7,248.1,1400
    74.0,263,708,0,177,6.45,5.59,7.08,6.82,7,249.1,1400
    75.0,267,704,0,180,6.45,5.60,7.66,6.83,7,250.6,1400
    76.0,271,700,0,186,6.12,5.66,9.51,6.87,7,251.4,1400
    77.0,275,696,0,193,5.47,5.65,10.51,6.93,7,251.1,1400
    78.0,279,692,0,196,5.78,5.61,9.51,6.94,7,247.4,1400
    79.0,282,689,0,198,5.49,5.58,6.88,6.91,7,245.0,1400
    80.0,291,680,0,203,12.06,5.65,10.18,7.01,7,246.8,1400
    81.0,295,676,0,209,9.45,5.64,12.76,7.05,7,245.7,1400
    82.0,295,676,0,215,5.39,5.64,9.44,7.04,7,249.2,1400
    83.0,299,672,0,221,6.24,5.63,10.88,7.08,7,247.7,1400
    84.0,303,668,0,228,5.83,5.62,11.19,7.13,7,249.5,1400
    85.0,307,664,0,231,6.33,5.62,10.42,7.13,7,249.5,1400
    86.0,311,660,0,242,6.04,5.60,12.15,7.23,7,250.1,1400
    87.0,315,656,0,250,7.02,5.61,15.20,7.29,7,247.3,1400
    88.0,319,652,0,256,6.19,5.56,12.44,7.33,7,244.4,1400
    89.0,323,648,0,264,6.54,5.61,13.16,7.39,7,247.0,1400
    90.0,327,644,0,270,6.25,5.56,12.56,7.42,7,248.6,1400
    91.0,331,640,0,273,8.31,5.60,8.98,7.41,7,249.0,1400
    92.0,335,636,0,281,6.64,5.59,11.54,7.47,7,248.2,1400
    93.0,337,634,0,284,5.49,5.54,9.10,7.44,7,250.4,1400
    94.0,343,628,0,290,8.19,5.59,9.68,7.49,7,252.0,1400
    95.0,347,624,0,297,7.04,5.59,11.85,7.53,7,244.9,1400
    96.0,350,621,0,312,5.42,5.58,14.75,7.65,7,244.9,1398
    97.0,350,621,0,313,2.02,5.58,9.82,7.58,7,247.3,1398
    98.0,350,621,0,313,0.00,5.58,0.52,7.49,7,250.8,1398
    99.0,350,621,0,313,0.00,5.58,0.00,7.41,7,247.3,1398
   100.0,354,617,0,316,5.96,5.40,7.63,7.40,7,248.3,1398
   101.0,365,606,0,316,10.70,5.47,9.39,7.44,7,250.4,1398
   102.0,369,602,0,316,10.74,5.46,7.85,7.41,7,250.7,1398
   103.0,378,593,0,318,10.14,5.54,8.56,7.45,7,250.3,1398
   104.0,385,586,0,321,11.82,5.57,11.35,7.47,7,245.7,1399
   105.0,389,582,0,324,7.81,5.61,8.83,7.47,7,242.9,1399
   106.0,400,571,0,324,11.83,5.67,10.38,7.50,7,246.0,1399
   107.0,408,563,0,328,13.82,5.73,12.24,7.55,7,247.3,1399
   108.0,415,556,0,332,13.89,5.77,12.77,7.58,7,246.8,1399
   109.0,422,549,0,336,12.75,5.80,11.27,7.62,7,248.1,1399
   110.0,427,544,0,339,11.21,5.82,10.25,7.62,7,248.9,1399
   111.0,432,539,0,339,8.44,5.83,8.02,7.60,7,249.2,1399
   112.0,434,537,0,340,4.97,5.84,4.16,7.55,7,250.5,1399
   113.0,438,533,0,340,4.28,5.80,3.65,7.52,7,253.5,1399
   114.0,448,523,0,344,10.16,5.87,9.55,7.58,7,247.7,1399
   115.0,454,517,0,344,11.08,5.89,10.13,7.57,7,243.6,1399
   116.0,462,509,0,347,11.60,5.93,10.30,7.60,7,244.1,1399
   117.0,470,501,0,350,12.08,5.98,12.15,7.63,7,245.4,1399
   118.0,478,493,0,354,12.40,6.04,13.04,7.67,7,248.5,1399
   119.0,486,485,0,358,13.53,6.07,14.84,7.71,7,250.6,1399
   120.0,490,481,0,362,9.47,6.09,11.54,7.71,7,249.4,1399
   121.0,498,473,0,366,9.97,6.14,12.15,7.75,8,250.5,1399
   122.0,506,465,0,370,11.60,6.18,12.73,7.79,8,244.8,1399
   123.0,514,457,0,370,11.19,6.21,10.22,7.79,8,243.8,1399
   124.0,520,451,0,370,11.13,6.23,8.14,7.77,8,244.6,1399
   125.0,524,447,0,376,7.06,6.23,8.26,7.79,8,247.9,1399
   126.0,532,439,0,380,10.77,6.26,12.36,7.83,8,249.0,1399
   127.0,536,435,0,381,9.00,6.24,9.33,7.81,8,251.1,1399
   128.0,540,431,0,385,9.25,6.27,8.04,7.81,8,249.3,1399
   129.0,551,420,0,385,11.18,6.32,10.35,7.83,8,252.7,1399
   130.0,555,416,0,392,10.61,6.33,11.38,7.86,8,252.1,1399
   131.0,567,404,0,392,13.02,6.38,11.73,7.89,8,245.5,1399
   132.0,567,404,0,395,8.69,6.38,7.94,7.85,8,247.6,1399
   133.0,575,396,0,399,11.91,6.39,10.20,7.89,8,245.2,1399
   134.0,583,388,0,399,11.41,6.41,10.43,7.89,8,246.9,1399
   135.0,590,381,0,403,12.05,6.45,11.16,7.91,8,250.2,1399
   136.0,598,373,0,407,11.22,6.49,12.58,7.95,8,248.8,1399
   137.0,606,365,0,411,11.86,6.52,13.02,7.98,8,248.9,1399
   138.0,610,361,0,413,8.95,6.53,9.81,7.96,8,251.2,1399
   139.0,622,349,0,413,12.19,6.58,10.03,7.99,8,252.2,1399
   140.0,630,341,0,421,13.93,6.60,14.26,8.05,8,248.1,1399
   141.0,634,337,0,425,9.62,6.62,12.17,8.05,8,247.1,1399
   142.0,646,325,0,425,13.26,6.67,12.12,8.08,8,245.9,1399
   143.0,654,317,0,429,14.85,6.70,13.04,8.11,8,249.7,1399
   144.0,654,317,0,433,7.63,6.70,9.12,8.08,8,247.7,1399
   145.0,659,312,0,437,7.50,6.68,8.41,8.09,8,250.9,1399
   146.0,671,300,0,441,12.16,6.72,13.08,8.15,8,250.5,1399
   147.0,675,296,0,445,11.08,6.72,12.16,8.15,8,251.7,1399
   148.0,683,288,0,449,13.62,6.76,11.88,8.17,8,246.9,1399
   149.0,691,280,0,457,11.32,6.79,14.49,8.23,8,247.5,1399
   150.0,699,272,0,461,12.95,6.82,14.03,8.26,8,245.1,1399
   151.0,706,265,0,461,11.59,6.83,10.74,8.25,8,248.7,1399
   152.0,710,261,0,465,8.93,6.82,8.90,8.25,8,250.6,1399
   153.0,721,250,0,465,16.20,6.87,10.78,8.27,8,250.9,1399
   154.0,729,242,0,473,14.14,6.91,14.70,8.32,8,249.4,1399
   155.0,737,234,0,477,13.38,6.93,14.85,8.34,8,246.1,1399
   156.0,745,226,0,481,12.43,6.96,13.64,8.37,8,247.0,1399
   157.0,753,218,0,489,14.40,6.98,15.60,8.42,8,247.1,1399
   158.0,757,214,0,492,9.93,6.98,11.95,8.41,8,247.8,1399
   159.0,766,205,0,493,13.69,7.01,10.14,8.42,8,246.9,1399
   160.0,770,201,0,501,9.07,7.02,11.23,8.45,8,247.6,1399
   161.0,782,189,0,505,14.33,7.06,14.86,8.50,8,252.2,1399
   162.0,786,185,0,513,11.35,7.05,14.53,8.52,8,251.6,1399
   163.0,794,177,0,521,13.26,7.09,15.12,8.57,8,246.5,1399
   164.0,798,173,0,523,8.42,7.09,11.28,8.55,8,247.2,1399
   165.0,806,165,0,526,9.30,7.09,9.64,8.57,8,247.3,1399
   166.0,814,157,0,530,12.71,7.12,13.36,8.59,8,246.9,1399
   167.0,818,153,0,537,9.13,7.12,12.80,8.60,8,249.3,1399
   168.0,826,145,0,540,10.35,7.15,11.83,8.62,8,249.3,1399
   169.0,833,138,0,540,10.74,7.15,9.42,8.61,8,250.1,1399
   170.0,841,130,0,548,12.13,7.18,13.61,8.65,8,251.8,1399
   171.0,849,122,0,552,11.24,7.20,14.39,8.68,8,246.1,1399
   172.0,855,116,0,552,10.94,7.19,10.28,8.66,8,247.4,1399
   173.0,863,108,0,554,12.07,7.21,10.09,8.67,8,246.0,1399
   174.0,871,100,0,558,12.66,7.25,12.73,8.69,8,247.0,1399
   175.0,875,96,0,566,9.37,7.26,13.71,8.71,8,248.9,1399
   176.0,887,84,0,570,12.76,7.29,14.25,8.75,9,249.7,1399
   177.0,895,76,0,574,14.32,7.30,14.66,8.77,9,252.6,1399
   178.0,903,68,0,578,12.81,7.33,14.06,8.79,9,253.1,1399
   179.0,911,60,0,582,13.04,7.35,14.31,8.81,9,246.6,1399
   180.0,916,55,0,589,9.93,7.36,13.42,8.83,9,250.6,1399
   181.0,916,55,0,589,3.87,7.36,6.79,8.78,9,247.5,1399
   182.0,916,55,0,589,0.00,7.36,0.00,8.73,9,249.0,1399
   183.0,917,54,0,589,5.47,7.23,4.00,8.68,9,250.3,1399
   184.0,928,43,0,590,13.69,7.28,10.85,8.70,9,250.7,1399
   185.0,938,33,0,590,15.10,7.31,11.57,8.71,9,249.8,1399
   186.0,943,28,0,590,11.18,7.31,8.18,8.69,9,250.8,1399
   187.0,955,16,0,590,13.70,7.36,10.02,8.70,9,251.6,1399
   188.0,962,9,0,595,14.03,7.39,12.97,8.72,9,248.1,1399
   189.0,962,9,0,606,5.32,7.39,12.79,8.74,9,244.8,1399
   190.0,966,5,0,614,14.39,7.32,13.23,8.75,9,248.4,1399
   191.0,968,3,0,617,5.94,7.30,10.20,8.73,9,249.3,1399
   192.0,968,3,0,628,2.20,7.30,10.19,8.75,9,249.6,1399
   193.0,968,3,0,640,0.00,7.30,12.44,8.76,9,249.1,1399
   194.0,968,3,0,645,0.00,7.30,8.64,8.74,9,249.8,1399
   195.0,969,2,0,655,5.47,7.14,10.86,8.76,9,250.7,1399
