QR-Stream run log
role: receiver
started: 2026-10-03T22:41:31.588019
duration: 145s

[device]
platform: android
osVersion: BP4A.251205.006.A175FXXS6CZG1
processors: 8
dartVersion: 3.10.4

[run]
fileName: (hidden).png
totalChunks: 971
transferId: 3850058249
payloadKind: file
chunkBytes: 1400

[events]
     0.0  run started
     0.0  HEL #0 seen (session 11fe4451076b362d)
     0.0  HEL #0 summary: +0 new, 0 re-reads, 0 reads in 0.0s (0.0/s), 971 still missing
     4.0  start tapped: 0 of 971 held; camera 10/s kept (loaded 10/s), start code read at 18/s
     5.4  relay push ok: hel #0, rev 1
    80.8  CHK #1 seen (session 11fe4451076b362d)
    80.8  CHK #1 summary: +551 new, 67 re-reads, 618 reads in 74.8s (8.3/s), 420 still missing
    82.2  relay push ok: chk #1, rev 2
   102.7  END #2 seen (session 11fe4451076b362d)
   102.7  round 1 summary: +168 new, 9 re-reads, 177 reads in 18.1s (9.8/s), 252 still missing
   103.8  relay push ok: end #2, rev 3
   130.7  END #3 seen (session 11fe4451076b362d)
   130.7  round 2 summary: +222 new, 41 re-reads, 263 reads in 24.8s (10.6/s), 30 still missing
   132.0  relay push ok: end #3, rev 4
   144.2  complete: all 971 chunks received
   144.2  camera rate kept for next time: 11/s
   144.2  summary: 1.30 MB in 138.2s = 9.6 KB/s
   144.3  camera rate saved: 11/s
   144.3  kept a copy at (path)
   145.6  relay push ok: done #0, rev 5
   145.6  session report sent

[samples] one row per second
t,received,missing,corrupt,dupes,liveKBps,avgKBps,decodesPerSec,avgDecodesPerSec,recommendedFps,rssMB,chunkBytesSeen
     1.0,0,971,0,0,0.00,0.00,0.00,0.00,0,226.3,0
     2.0,0,971,0,0,0.00,0.00,0.00,0.00,0,225.6,0
     3.0,0,971,0,0,0.00,0.00,0.00,0.00,0,228.8,0
     4.0,0,971,0,0,0.00,0.00,0.00,0.00,0,227.5,0
     5.0,0,971,0,0,0.00,0.00,0.00,0.00,0,229.9,0
     6.0,0,971,0,0,0.00,0.00,0.00,0.00,0,231.0,0
     7.0,7,964,0,1,9.94,16.91,8.31,8.31,0,230.8,1400
     8.0,8,963,0,3,5.57,6.08,5.60,5.60,0,230.7,1400
     9.0,13,958,0,3,7.04,6.12,4.46,5.40,0,231.0,1400
    10.0,15,956,0,3,6.00,5.74,4.39,4.54,0,233.0,1400
    11.0,21,950,0,3,7.87,6.11,5.76,4.84,5,235.9,1400
    12.0,27,944,0,3,8.91,6.58,6.51,5.03,5,230.5,1400
    13.0,32,939,0,3,8.36,6.35,6.11,5.03,5,225.4,1400
    14.0,40,931,0,6,9.60,7.41,8.64,5.78,6,226.6,1400
    15.0,47,924,0,6,11.21,7.55,9.84,5.91,6,225.8,1400
    16.0,54,917,0,6,10.57,7.81,7.73,6.02,6,226.2,1400
    17.0,58,913,0,6,7.75,7.52,5.66,5.84,6,228.2,1400
    18.0,65,906,0,6,8.37,7.77,6.12,5.93,6,228.6,1400
    19.0,71,900,0,7,9.60,7.53,7.56,6.02,6,229.4,1400
    20.0,78,893,0,7,12.33,7.79,7.56,6.09,6,230.0,1400
    21.0,89,882,0,7,14.04,8.25,10.27,6.42,6,231.6,1400
    22.0,96,875,0,11,13.17,8.31,11.77,6.70,7,232.9,1400
    23.0,102,869,0,11,9.37,8.31,8.97,6.66,7,229.0,1400
    24.0,108,863,0,11,9.65,8.31,7.05,6.62,7,227.5,1400
    25.0,114,857,0,11,9.71,8.36,7.10,6.59,7,227.1,1400
    26.0,118,853,0,11,7.43,8.19,5.44,6.46,7,226.7,1400
    27.0,127,844,0,11,10.00,8.29,7.31,6.58,7,228.1,1400
    28.0,134,837,0,11,11.48,8.45,8.40,6.60,7,227.6,1400
    29.0,142,829,0,14,12.29,8.73,10.79,6.79,7,227.9,1400
    30.0,146,825,0,14,8.60,8.38,7.86,6.68,7,228.7,1400
    31.0,149,822,0,14,5.58,8.17,4.08,6.53,7,229.6,1400
    32.0,151,820,0,14,4.47,8.07,3.27,6.36,7,230.8,1400
    33.0,161,810,0,14,11.87,8.24,8.68,6.49,7,231.7,1400
    34.0,166,805,0,14,10.79,8.24,7.89,6.44,7,232.0,1400
    35.0,170,801,0,14,6.87,8.09,5.03,6.35,7,228.1,1400
    36.0,175,796,0,14,6.75,8.02,4.94,6.31,6,225.2,1400
    37.0,186,785,0,14,15.15,8.23,11.08,6.46,6,227.9,1400
    38.0,192,779,0,14,12.64,8.29,9.24,6.44,6,228.3,1400
    39.0,203,768,0,14,13.87,8.43,10.14,6.58,6,227.6,1400
    40.0,210,761,0,14,13.37,8.47,9.78,6.60,6,230.2,1400
    41.0,211,760,0,14,7.29,8.32,5.33,6.44,6,228.7,1400
    42.0,215,756,0,14,5.34,8.21,3.91,6.37,6,227.8,1400
    43.0,221,750,0,14,7.65,8.22,5.59,6.36,6,231.7,1400
    44.0,228,743,0,14,9.78,8.31,7.15,6.37,6,233.7,1400
    45.0,239,732,0,14,14.32,8.43,10.47,6.49,6,233.0,1400
    46.0,247,724,0,17,13.89,8.49,11.76,6.61,6,226.3,1400
    47.0,255,716,0,21,11.38,8.55,11.97,6.74,7,224.5,1400
    48.0,263,708,0,25,14.05,8.68,12.91,6.86,7,225.0,1400
    49.0,274,697,0,25,14.17,8.76,12.55,6.96,7,229.6,1400
    50.0,281,690,0,25,13.20,8.80,9.66,6.96,7,230.7,1400
    51.0,292,679,0,25,14.08,8.89,10.30,7.05,7,230.5,1400
    52.0,298,673,0,25,11.77,8.90,8.61,7.03,7,232.6,1400
    53.0,310,661,0,25,14.91,9.03,10.90,7.13,7,232.8,1400
    54.0,317,654,0,25,14.74,9.05,10.78,7.13,7,232.3,1400
    55.0,322,649,0,25,10.16,9.01,7.43,7.09,7,233.0,1400
    56.0,330,641,0,27,12.96,9.05,10.94,7.15,7,224.6,1400
    57.0,337,634,0,30,10.80,9.05,10.54,7.20,7,227.5,1400
    58.0,349,622,0,30,14.68,9.21,12.43,7.29,7,228.5,1400
    59.0,357,614,0,33,15.34,9.25,12.90,7.36,7,229.3,1400
    60.0,369,602,0,33,18.94,9.36,13.23,7.45,7,228.7,1400
    61.0,377,594,0,33,15.15,9.41,11.08,7.46,7,230.1,1400
    62.0,388,583,0,33,16.72,9.50,12.23,7.52,7,233.0,1400
    63.0,395,576,0,37,12.94,9.52,11.57,7.58,7,234.2,1400
    64.0,403,568,0,41,13.11,9.54,12.38,7.66,7,227.4,1400
    65.0,419,552,0,41,17.22,9.72,14.70,7.80,8,229.0,1400
    66.0,423,548,0,44,14.08,9.71,11.84,7.79,8,228.4,1400
    67.0,434,537,0,44,14.74,9.76,10.59,7.84,8,230.0,1400
    68.0,442,529,0,47,13.02,9.84,11.03,7.89,8,229.6,1400
    69.0,454,517,0,47,15.42,9.89,12.97,7.96,8,230.4,1400
    70.0,461,510,0,47,13.90,9.93,10.17,7.94,8,231.8,1400
    71.0,468,503,0,49,10.63,9.85,8.89,7.96,8,232.9,1400
    72.0,476,495,0,49,14.37,9.93,9.57,7.96,8,225.9,1400
    73.0,486,485,0,49,14.09,9.96,10.31,7.99,8,227.1,1400
    74.0,490,481,0,55,9.90,9.93,10.35,8.02,8,230.3,1400
    75.0,501,470,0,55,13.53,9.98,11.54,8.06,8,227.5,1400
    76.0,510,461,0,55,14.24,9.98,10.41,8.08,8,228.3,1400
    77.0,512,459,0,55,9.21,9.91,6.74,7.99,8,229.9,1400
    78.0,524,447,0,59,14.68,9.96,13.80,8.10,8,233.2,1400
    79.0,532,439,0,63,13.80,10.03,14.13,8.15,8,232.0,1400
    80.0,544,427,0,67,16.08,10.07,16.46,8.26,8,226.8,1400
    81.0,551,420,0,67,13.91,10.08,12.32,8.24,8,231.0,1400
    82.0,551,420,0,67,6.16,10.08,4.50,8.14,8,229.2,1400
    83.0,551,420,0,67,0.00,10.08,0.00,8.03,8,228.3,1400
    84.0,551,420,0,67,0.00,10.08,0.00,7.93,8,227.6,1400
    85.0,559,412,0,67,41.27,9.68,30.19,7.93,8,228.9,1400
    86.0,571,400,0,67,21.58,9.77,15.79,7.98,8,232.3,1400
    87.0,579,392,0,70,17.41,9.80,14.63,8.02,8,234.3,1400
    88.0,588,383,0,70,12.46,9.81,10.72,8.03,8,235.2,1400
    89.0,599,372,0,70,17.35,9.88,12.69,8.06,8,232.7,1400
    90.0,603,368,0,71,13.03,9.92,10.17,8.03,8,233.4,1400
    91.0,615,356,0,71,11.94,9.91,9.28,8.07,8,227.4,1400
    92.0,620,351,0,71,12.69,9.88,9.28,8.04,8,225.3,1400
    93.0,632,339,0,71,12.70,9.96,9.29,8.08,8,224.6,1400
    94.0,638,333,0,71,13.45,9.95,9.84,8.06,8,225.6,1400
    95.0,640,331,0,71,6.17,9.90,4.51,7.99,8,227.3,1400
    96.0,653,318,0,71,13.28,9.93,9.72,8.05,8,229.9,1400
    97.0,661,310,0,75,15.19,9.96,13.22,8.09,8,230.2,1400
    98.0,672,299,0,75,18.70,10.02,13.52,8.12,8,231.4,1400
    99.0,680,291,0,76,13.52,10.01,10.41,8.13,8,232.8,1400
   100.0,692,279,0,76,14.32,10.10,10.99,8.17,8,226.6,1400
   101.0,704,267,0,76,17.50,10.15,12.80,8.21,8,224.0,1400
   102.0,708,263,0,76,11.48,10.10,8.40,8.17,8,226.1,1400
   103.0,719,252,0,76,11.48,10.17,8.64,8.20,8,233.8,1399
   104.0,719,252,0,76,7.81,10.17,5.93,8.12,8,230.8,1399
   105.0,719,252,0,76,0.00,10.17,0.00,8.03,8,229.4,1399
   106.0,723,248,0,76,21.88,9.89,16.00,7.99,8,228.5,1399
   107.0,731,240,0,80,14.70,9.91,14.34,8.03,8,229.8,1399
   108.0,738,233,0,84,10.90,9.94,12.22,8.06,8,230.7,1399
   109.0,750,221,0,84,14.41,9.99,12.76,8.10,8,223.9,1399
   110.0,753,218,0,86,10.35,9.92,8.58,8.07,8,224.3,1399
   111.0,769,202,0,86,20.93,10.01,11.66,8.15,8,227.6,1399
   112.0,777,194,0,90,16.49,10.04,14.07,8.18,8,226.5,1399
   113.0,789,182,0,93,15.18,10.09,14.99,8.25,8,230.7,1399
   114.0,797,174,0,97,16.69,10.10,14.02,8.28,8,232.9,1399
   115.0,804,167,0,100,14.21,10.09,13.08,8.30,8,232.8,1399
   116.0,809,162,0,100,9.14,10.09,8.36,8.27,8,234.3,1399
   117.0,822,149,0,100,14.55,10.13,10.64,8.31,8,223.7,1399
   118.0,829,142,0,104,13.95,10.13,12.24,8.33,8,223.8,1399
   119.0,838,133,0,111,13.79,10.17,14.64,8.40,8,225.8,1399
   120.0,845,126,0,111,11.69,10.16,12.29,8.39,8,227.4,1399
   121.0,855,116,0,111,13.45,10.18,9.84,8.40,8,227.8,1399
   122.0,865,106,0,111,14.15,10.20,10.35,8.42,8,230.2,1399
   123.0,877,94,0,111,15.47,10.25,11.32,8.45,8,230.5,1399
   124.0,885,86,0,115,16.01,10.28,14.05,8.48,8,232.1,1399
   125.0,896,75,0,115,16.01,10.30,14.17,8.50,8,225.3,1399
   126.0,899,72,0,115,11.39,10.30,8.33,8.45,8,227.0,1399
   127.0,907,64,0,115,8.78,10.27,6.42,8.45,8,227.9,1399
   128.0,918,53,0,115,13.09,10.31,9.58,8.47,8,229.3,1399
   129.0,922,49,0,117,10.84,10.27,8.99,8.45,8,229.7,1399
   130.0,933,38,0,117,16.08,10.30,10.06,8.47,8,229.9,1399
   131.0,941,30,0,117,13.84,10.32,10.12,8.47,8,232.2,1399
   132.0,941,30,0,117,6.23,10.32,4.56,8.40,8,231.3,1399
   133.0,941,30,0,117,0.00,10.32,0.00,8.33,8,231.8,1399
   134.0,941,30,0,117,0.00,10.32,0.00,8.27,8,233.2,1399
   135.0,941,30,0,117,0.00,10.32,0.00,8.20,8,233.2,1399
   136.0,941,30,0,117,0.00,10.32,0.00,8.14,8,223.9,1399
   137.0,950,21,0,117,14.91,9.91,10.91,8.15,8,223.4,1399
   138.0,954,17,0,119,9.78,9.89,8.26,8.13,8,226.3,1399
   139.0,958,13,0,122,9.61,9.88,9.05,8.12,8,228.2,1399
   140.0,963,8,0,126,8.54,9.84,8.97,8.13,8,229.0,1399
   141.0,965,6,0,134,5.04,9.81,10.01,8.14,8,229.3,1399
   142.0,967,4,0,139,3.62,9.77,9.08,8.13,8,231.1,1399
   143.0,970,1,0,151,4.13,9.73,13.29,8.18,8,231.9,1399
   144.0,970,1,0,163,2.06,9.73,13.55,8.21,8,234.3,1399
