QR-Stream run log
role: receiver
started: 2026-10-03T23:06:47.631280
duration: 1034s

[device]
platform: android
osVersion: BP4A.251205.006.A175FXXS6CZG1
processors: 8
dartVersion: 3.10.4

[run]
fileName: (hidden).mp4
totalChunks: 8895
transferId: 2084391049
payloadKind: file
chunkBytes: 1400

[events]
     0.0  run started
     0.0  HEL #0 seen (session 13b57588c8375629)
     0.0  HEL #0 summary: +0 new, 0 re-reads, 0 reads in 0.0s (0.0/s), 8895 still missing
    19.6  start tapped: 0 of 8895 held; camera 11/s kept (loaded 10/s), start code read at 21/s
    21.0  relay push ok: hel #0, rev 1
    28.5  CAL #1 seen (session 13b57588c8375629)
    28.5  CAL #1 summary: +24 new, 10 re-reads, 34 reads in 3.2s (10.8/s), 8871 still missing
    29.5  relay push ok: cal #1, rev 2
   146.9  CHK #2 seen (session 13b57588c8375629)
   146.9  CHK #2 summary: +1094 new, 398 re-reads, 1492 reads in 116.5s (12.8/s), 7777 still missing
   148.5  relay push ok: chk #2, rev 3
   223.1  CHK #3 seen (session 13b57588c8375629)
   223.1  CHK #3 summary: +708 new, 181 re-reads, 889 reads in 71.6s (12.4/s), 7069 still missing
   224.7  relay push ok: chk #3, rev 4
   284.6  CHK #4 seen (session 13b57588c8375629)
   284.6  CHK #4 summary: +665 new, 7 re-reads, 672 reads in 57.7s (11.7/s), 6404 still missing
   286.1  relay push ok: chk #4, rev 5
   375.0  CHK #5 seen (session 13b57588c8375629)
   375.0  CHK #5 summary: +839 new, 154 re-reads, 993 reads in 86.7s (11.4/s), 5565 still missing
   376.7  relay push ok: chk #5, rev 6
   437.6  CHK #6 seen (session 13b57588c8375629)
   437.6  CHK #6 summary: +574 new, 8 re-reads, 582 reads in 55.5s (10.5/s), 4991 still missing
   439.5  relay push ok: chk #6, rev 7
   541.4  CHK #7 seen (session 13b57588c8375629)
   541.4  CHK #7 summary: +968 new, 193 re-reads, 1161 reads in 100.3s (11.6/s), 4023 still missing
   542.8  relay push ok: chk #7, rev 8
   702.4  CHK #8 seen (session 13b57588c8375629)
   702.4  CHK #8 summary: +1412 new, 212 re-reads, 1624 reads in 155.4s (10.5/s), 2611 still missing
   703.8  relay push ok: chk #8, rev 9
   777.3  END #9 seen (session 13b57588c8375629)
   777.3  round 1 summary: +613 new, 58 re-reads, 671 reads in 70.7s (9.5/s), 1998 still missing
   778.9  relay push ok: end #9, rev 10
   949.2  END #10 seen (session 13b57588c8375629)
   949.2  round 2 summary: +1422 new, 118 re-reads, 1540 reads in 163.2s (9.4/s), 576 still missing
   950.7  relay push ok: end #10, rev 11
  1001.2  END #11 seen (session 13b57588c8375629)
  1001.2  round 3 summary: +429 new, 63 re-reads, 492 reads in 46.7s (10.5/s), 147 still missing
  1002.3  relay push ok: end #11, rev 12
  1029.0  END #12 seen (session 13b57588c8375629)
  1029.0  round 4 summary: +135 new, 85 re-reads, 220 reads in 24.9s (8.8/s), 12 still missing
  1030.6  relay push ok: end #12, rev 13
  1032.9  complete: all 8895 chunks received
  1032.9  camera rate kept for next time: 13/s
  1032.9  summary: 11.88 MB in 1007.6s = 12.1 KB/s
  1033.0  camera rate saved: 13/s
  1033.0  kept a copy at (path)
  1034.2  relay push ok: done #0, rev 14
  1034.2  session report sent

[samples] one row per second
t,received,missing,corrupt,dupes,liveKBps,avgKBps,decodesPerSec,avgDecodesPerSec,recommendedFps,rssMB,chunkBytesSeen
     1.0,0,8895,0,0,0.00,0.00,0.00,0.00,0,229.0,0
     2.0,0,8895,0,0,0.00,0.00,0.00,0.00,0,231.3,0
     3.0,0,8895,0,0,0.00,0.00,0.00,0.00,0,226.9,0
     4.0,0,8895,0,0,0.00,0.00,0.00,0.00,0,226.3,0
     5.0,0,8895,0,0,0.00,0.00,0.00,0.00,0,226.1,0
     6.0,0,8895,0,0,0.00,0.00,0.00,0.00,0,229.4,0
     7.0,0,8895,0,0,0.00,0.00,0.00,0.00,0,231.7,0
     8.0,0,8895,0,0,0.00,0.00,0.00,0.00,0,232.1,0
     9.0,0,8895,0,0,0.00,0.00,0.00,0.00,0,230.7,0
    10.0,0,8895,0,0,0.00,0.00,0.00,0.00,0,232.4,0
    11.0,0,8895,0,0,0.00,0.00,0.00,0.00,0,234.3,0
    12.0,0,8895,0,0,0.00,0.00,0.00,0.00,0,234.5,0
    13.0,0,8895,0,0,0.00,0.00,0.00,0.00,0,235.5,0
    14.0,0,8895,0,0,0.00,0.00,0.00,0.00,0,233.1,0
    15.0,0,8895,0,0,0.00,0.00,0.00,0.00,0,229.2,0
    16.0,0,8895,0,0,0.00,0.00,0.00,0.00,0,230.4,0
    17.0,0,8895,0,0,0.00,0.00,0.00,0.00,0,227.9,0
    18.0,0,8895,0,0,0.00,0.00,0.00,0.00,0,231.5,0
    19.0,0,8895,0,0,0.00,0.00,0.00,0.00,0,233.1,0
    20.0,0,8895,0,0,0.00,0.00,0.00,0.00,0,233.7,0
    21.0,0,8895,0,0,0.00,0.00,0.00,0.00,0,232.5,0
    22.0,0,8895,0,0,0.00,0.00,0.00,0.00,0,232.9,0
    23.0,0,8895,0,0,0.00,0.00,0.00,0.00,0,233.8,0
    24.0,0,8895,0,0,0.00,0.00,0.00,0.00,0,235.5,0
    25.0,0,8895,0,0,0.00,0.00,0.00,0.00,0,233.6,0
    26.0,2,8893,0,2,4.24,0.00,6.20,6.20,0,235.5,1400
    27.0,14,8881,0,6,11.64,12.67,12.16,12.16,0,236.7,1400
    28.0,17,8878,0,10,10.74,9.82,12.04,10.21,0,231.6,1400
    29.0,24,8871,0,10,10.70,10.70,8.43,9.33,0,231.8,1400
    30.0,24,8871,0,10,4.88,10.70,3.57,7.32,0,230.4,1400
    31.0,28,8867,0,14,10.16,7.50,14.84,7.44,7,233.2,1400
    32.0,32,8863,0,14,7.11,6.73,7.80,6.92,7,230.0,1400
    33.0,41,8854,0,14,12.29,7.38,8.99,7.19,7,233.0,1400
    34.0,52,8843,0,14,15.41,8.25,11.27,7.63,7,233.7,1400
    35.0,60,8835,0,14,15.14,8.95,11.07,7.67,8,233.4,1400
    36.0,68,8827,0,21,12.20,9.06,12.83,8.36,8,234.6,1400
    37.0,78,8817,0,21,14.85,9.33,12.79,8.50,8,227.5,1400
    38.0,85,8810,0,24,13.01,9.44,11.19,8.62,9,228.3,1400
    39.0,96,8799,0,28,14.55,9.89,13.14,9.09,9,230.7,1400
    40.0,107,8788,0,28,15.17,10.13,13.11,9.22,9,231.1,1400
    41.0,119,8776,0,28,16.83,10.53,12.31,9.40,9,231.0,1400
    42.0,127,8768,0,36,15.34,10.69,15.70,9.79,10,234.8,1400
    43.0,139,8756,0,36,16.65,10.92,14.14,9.92,10,234.0,1400
    44.0,144,8751,0,39,12.88,10.85,11.08,9.81,10,229.7,1400
    45.0,149,8746,0,39,8.01,10.55,7.62,9.57,10,230.9,1400
    46.0,153,8742,0,39,7.80,10.32,5.70,9.30,10,228.8,1400
    47.0,169,8726,0,43,15.70,10.71,13.78,9.79,10,230.0,1400
    48.0,179,8716,0,47,17.88,10.83,17.10,9.98,10,231.1,1400
    49.0,187,8708,0,50,13.35,10.84,13.56,10.02,10,230.7,1400
    50.0,195,8700,0,50,16.70,11.04,11.23,9.94,10,235.2,1400
    51.0,208,8687,0,50,15.77,11.14,11.53,10.06,10,232.6,1400
    52.0,220,8675,0,58,19.04,11.30,18.38,10.43,10,227.7,1400
    53.0,227,8668,0,62,15.18,11.29,16.15,10.45,10,230.5,1400
    54.0,233,8662,0,62,13.03,11.29,10.07,10.30,10,226.8,1400
    55.0,243,8652,0,65,13.49,11.35,11.72,10.39,10,229.9,1400
    56.0,252,8643,0,65,13.30,11.28,11.26,10.34,10,231.6,1400
    57.0,260,8635,0,69,14.37,11.40,12.99,10.40,10,235.3,1400
    58.0,271,8624,0,72,15.23,11.40,15.24,10.51,10,235.1,1400
    59.0,279,8616,0,75,13.17,11.39,12.67,10.52,10,229.3,1400
    60.0,283,8612,0,83,8.66,11.34,12.14,10.56,10,228.8,1400
    61.0,290,8605,0,86,9.95,11.33,12.64,10.55,10,226.4,1400
    62.0,299,8596,0,86,11.71,11.18,10.17,10.51,10,228.2,1400
    63.0,304,8591,0,86,11.28,11.12,8.25,10.36,10,227.2,1400
    64.0,314,8581,0,86,13.83,11.16,10.11,10.35,10,231.7,1400
    65.0,321,8574,0,86,11.63,11.21,8.51,10.27,10,230.2,1400
    66.0,330,8565,0,90,11.90,11.11,10.88,10.33,10,231.8,1400
    67.0,335,8560,0,91,11.33,11.03,11.25,10.23,10,232.9,1400
    68.0,347,8548,0,94,17.17,11.14,15.51,10.34,10,226.3,1400
    69.0,359,8536,0,94,17.17,11.28,14.13,10.38,10,227.1,1400
    70.0,365,8530,0,98,14.36,11.19,12.84,10.37,10,226.4,1400
    71.0,377,8518,0,102,17.42,11.32,13.69,10.49,10,230.4,1400
    72.0,385,8510,0,106,14.86,11.35,15.22,10.53,10,230.2,1400
    73.0,397,8498,0,110,17.25,11.46,15.87,10.64,10,229.2,1400
    74.0,409,8486,0,112,17.06,11.51,15.60,10.71,10,231.9,1400
    75.0,417,8478,0,120,16.88,11.58,15.49,10.82,11,224.8,1400
    76.0,429,8466,0,124,15.02,11.60,17.58,10.92,11,224.9,1400
    77.0,437,8458,0,124,14.54,11.68,12.77,10.86,11,227.0,1400
    78.0,441,8454,0,126,9.16,11.47,7.81,10.77,11,227.6,1400
    79.0,453,8442,0,130,12.78,11.61,11.13,10.87,11,229.1,1400
    80.0,465,8430,0,134,18.16,11.64,17.71,10.96,11,229.8,1400
    81.0,477,8418,0,137,17.40,11.74,16.44,11.03,11,224.4,1400
    82.0,485,8410,0,145,14.95,11.75,16.95,11.12,11,227.7,1400
    83.0,496,8399,0,148,15.59,11.78,15.86,11.17,11,227.6,1400
    84.0,508,8387,0,152,16.61,11.86,15.85,11.25,11,228.6,1400
    85.0,512,8383,0,158,11.79,11.77,14.02,11.23,11,229.2,1400
    86.0,519,8376,0,161,9.04,11.80,10.42,11.21,11,228.2,1400
    87.0,530,8365,0,165,13.50,11.76,13.71,11.27,11,231.7,1400
    88.0,534,8361,0,169,11.10,11.79,12.45,11.22,11,225.5,1400
    89.0,550,8345,0,173,16.10,11.82,16.48,11.36,11,223.9,1400
    90.0,561,8334,0,173,18.50,11.88,15.54,11.35,11,228.5,1400
    91.0,568,8327,0,177,14.09,11.90,12.59,11.35,11,229.0,1400
    92.0,580,8315,0,177,15.94,11.96,14.11,11.36,11,229.5,1400
    93.0,592,8303,0,185,17.10,11.98,16.68,11.49,11,230.1,1400
    94.0,600,8295,0,189,15.59,11.98,16.44,11.49,11,230.1,1400
    95.0,611,8284,0,189,14.50,12.03,12.83,11.49,11,225.5,1400
    96.0,619,8276,0,192,14.22,12.02,12.04,11.48,11,226.8,1400
    97.0,627,8268,0,200,11.50,12.05,14.19,11.54,11,227.0,1400
    98.0,639,8256,0,203,15.92,12.06,15.67,11.59,11,229.1,1400
    99.0,650,8245,0,207,16.30,12.09,15.55,11.64,11,229.0,1400
   100.0,658,8237,0,210,13.47,12.08,13.48,11.63,11,228.8,1400
   101.0,670,8225,0,214,14.78,12.15,14.59,11.69,11,227.3,1400
   102.0,682,8213,0,218,17.25,12.20,16.82,11.74,12,225.5,1400
   103.0,690,8205,0,225,16.16,12.21,16.31,11.78,12,226.9,1400
   104.0,702,8193,0,228,16.00,12.22,15.39,11.83,12,230.2,1400
   105.0,712,8183,0,228,15.73,12.25,13.08,11.80,12,228.1,1400
   106.0,720,8175,0,232,13.21,12.27,11.81,11.80,12,229.3,1400
   107.0,728,8167,0,238,12.70,12.25,13.11,11.83,12,235.6,1400
   108.0,739,8156,0,242,16.15,12.25,15.80,11.87,12,227.0,1400
   109.0,743,8152,0,243,11.43,12.17,11.15,11.79,12,227.6,1400
   110.0,755,8140,0,247,18.74,12.22,13.22,11.84,12,228.1,1400
   111.0,767,8128,0,251,17.01,12.28,16.59,11.89,12,229.1,1400
   112.0,773,8122,0,254,13.10,12.22,13.31,11.85,12,231.7,1400
   113.0,788,8107,0,254,19.18,12.30,12.70,11.89,12,229.6,1400
   114.0,796,8099,0,261,17.10,12.29,16.31,11.92,12,229.6,1400
   115.0,808,8087,0,265,16.21,12.34,16.50,11.97,12,228.4,1400
   116.0,814,8081,0,268,13.28,12.31,13.48,11.94,12,226.9,1400
   117.0,826,8069,0,272,14.63,12.37,14.86,11.98,12,223.8,1400
   118.0,838,8057,0,276,16.41,12.38,16.01,12.02,12,227.4,1400
   119.0,849,8046,0,280,17.28,12.41,17.03,12.06,12,228.0,1400
   120.0,856,8039,0,288,13.00,12.41,15.85,12.09,12,228.0,1400
   121.0,868,8027,0,292,16.36,12.42,16.36,12.13,12,227.2,1400
   122.0,876,8019,0,296,15.26,12.44,15.63,12.13,12,223.0,1400
   123.0,884,8011,0,307,11.75,12.42,16.65,12.20,12,224.6,1400
   124.0,896,7999,0,315,15.86,12.44,19.90,12.28,12,227.9,1400
   125.0,904,7991,0,316,14.04,12.41,14.89,12.24,12,226.6,1400
   126.0,912,7983,0,324,16.58,12.44,15.89,12.28,12,227.7,1400
   127.0,921,7974,0,324,14.52,12.42,13.80,12.25,12,224.4,1400
   128.0,929,7966,0,327,12.44,12.42,10.71,12.24,12,221.8,1400
   129.0,939,7956,0,330,14.61,12.43,12.57,12.24,12,227.4,1400
   130.0,950,7945,0,334,14.68,12.42,14.31,12.27,12,227.6,1400
   131.0,962,7933,0,338,17.00,12.47,16.76,12.31,12,225.4,1400
   132.0,970,7925,0,345,14.87,12.48,16.86,12.33,12,231.2,1400
   133.0,979,7916,0,345,14.63,12.43,12.53,12.30,12,228.3,1400
   134.0,987,7908,0,345,12.68,12.46,9.27,12.26,12,227.5,1400
   135.0,1002,7893,0,349,19.09,12.50,16.39,12.32,12,226.0,1400
   136.0,1010,7885,0,357,15.82,12.49,17.61,12.35,12,226.2,1400
   137.0,1021,7874,0,361,16.10,12.52,16.95,12.38,12,227.6,1400
   138.0,1034,7861,0,363,17.43,12.56,15.94,12.40,12,228.4,1400
   139.0,1039,7856,0,367,13.83,12.50,13.48,12.37,12,227.6,1400
   140.0,1051,7844,0,375,14.21,12.55,15.82,12.44,12,225.4,1400
   141.0,1058,7837,0,379,14.12,12.56,16.85,12.43,12,225.8,1400
   142.0,1069,7826,0,383,14.59,12.55,15.41,12.45,12,226.6,1400
   143.0,1080,7815,0,387,15.39,12.57,15.35,12.47,12,224.7,1400
   144.0,1087,7808,0,394,12.50,12.57,14.74,12.48,12,229.9,1400
   145.0,1099,7796,0,398,15.74,12.60,15.47,12.51,12,230.1,1400
   146.0,1110,7785,0,401,17.37,12.59,16.57,12.52,12,230.6,1400
   147.0,1118,7777,0,408,14.22,12.60,15.87,12.54,12,227.3,1400
   148.0,1118,7777,0,408,7.19,12.60,8.68,12.44,12,227.2,1400
   149.0,1118,7777,0,408,0.00,12.60,0.00,12.34,12,227.1,1400
   150.0,1118,7777,0,408,0.00,12.60,0.00,12.24,12,226.2,1400
   151.0,1122,7773,0,412,10.03,12.26,14.68,12.21,12,227.5,1400
   152.0,1136,7759,0,412,15.93,12.27,14.24,12.22,12,228.5,1400
   153.0,1147,7748,0,416,18.07,12.30,15.32,12.24,12,228.9,1400
   154.0,1159,7736,0,419,16.64,12.33,15.87,12.27,12,229.3,1400
   155.0,1171,7724,0,423,17.97,12.37,16.98,12.30,12,226.9,1400
   156.0,1182,7713,0,426,19.02,12.38,15.64,12.31,12,224.4,1400
   157.0,1193,7702,0,430,17.67,12.40,15.31,12.33,12,227.1,1400
   158.0,1197,7698,0,432,12.39,12.37,11.02,12.28,12,226.9,1400
   159.0,1206,7689,0,432,13.03,12.36,9.45,12.26,12,231.1,1400
   160.0,1218,7677,0,435,16.14,12.37,13.49,12.28,12,231.5,1400
   161.0,1222,7673,0,435,11.25,12.32,9.77,12.22,12,233.5,1400
   162.0,1231,7664,0,438,12.86,12.34,11.58,12.21,12,226.9,1400
   163.0,1238,7657,0,438,11.83,12.36,10.28,12.18,12,222.1,1400
   164.0,1247,7648,0,442,11.38,12.31,10.40,12.18,12,228.2,1400
   165.0,1259,7636,0,446,14.63,12.36,14.78,12.21,12,226.3,1400
   166.0,1270,7625,0,446,17.38,12.36,14.93,12.20,12,228.0,1400
   167.0,1282,7613,0,454,17.21,12.40,16.97,12.26,12,232.2,1400
   168.0,1294,7601,0,458,17.06,12.43,18.72,12.28,12,233.4,1400
   169.0,1302,7593,0,462,14.87,12.44,15.23,12.28,12,224.9,1400
   170.0,1306,7589,0,462,8.39,12.37,8.18,12.22,12,223.7,1400
   171.0,1317,7578,0,465,15.22,12.38,13.36,12.24,12,227.7,1400
   172.0,1333,7562,0,465,18.50,12.44,15.04,12.26,12,229.3,1400
   173.0,1341,7554,0,469,16.46,12.46,14.04,12.26,12,229.6,1400
   174.0,1351,7544,0,469,13.96,12.44,12.48,12.24,12,232.4,1400
   175.0,1363,7532,0,473,16.94,12.49,14.64,12.27,12,230.6,1400
   176.0,1374,7521,0,473,15.74,12.49,13.51,12.26,12,224.9,1400
   177.0,1382,7513,0,475,13.42,12.52,10.85,12.25,12,225.3,1400
   178.0,1392,7503,0,475,12.49,12.49,10.15,12.23,12,224.7,1400
   179.0,1401,7494,0,475,13.01,12.49,9.51,12.21,12,229.0,1400
   180.0,1416,7479,0,478,16.79,12.52,13.82,12.25,12,229.6,1400
   181.0,1416,7479,0,481,8.89,12.52,9.97,12.19,12,229.0,1400
   182.0,1423,7472,0,484,9.87,12.43,7.74,12.17,12,229.8,1400
   183.0,1434,7461,0,484,12.52,12.46,10.68,12.17,12,231.7,1400
   184.0,1446,7449,0,491,16.77,12.49,16.00,12.21,12,227.8,1400
   185.0,1457,7438,0,491,17.65,12.48,15.05,12.20,12,224.8,1400
   186.0,1465,7430,0,494,15.24,12.51,12.90,12.19,12,229.6,1400
   187.0,1474,7421,0,498,12.56,12.49,12.97,12.20,12,229.6,1400
   188.0,1485,7410,0,498,15.60,12.50,13.69,12.19,12,227.5,1400
   189.0,1492,7403,0,502,14.01,12.48,12.52,12.18,12,230.4,1400
   190.0,1503,7392,0,502,15.18,12.50,11.14,12.18,12,230.6,1400
   191.0,1511,7384,0,502,13.13,12.47,9.61,12.15,12,225.6,1400
   192.0,1519,7376,0,504,11.33,12.47,9.33,12.14,12,225.8,1400
   193.0,1529,7366,0,504,14.04,12.47,11.41,12.13,12,223.5,1400
   194.0,1537,7358,0,508,16.13,12.48,14.42,12.13,12,229.4,1400
   195.0,1548,7347,0,508,15.02,12.48,13.29,12.12,12,227.2,1400
   196.0,1560,7335,0,512,16.58,12.53,14.23,12.14,12,229.4,1400
   197.0,1572,7323,0,515,18.19,12.54,17.18,12.16,12,231.2,1400
   198.0,1584,7311,0,521,17.55,12.56,17.65,12.19,12,226.0,1400
   199.0,1596,7299,0,524,19.20,12.57,17.31,12.21,12,223.2,1400
   200.0,1606,7289,0,524,16.23,12.58,13.49,12.20,12,228.8,1400
   201.0,1618,7277,0,528,18.50,12.61,15.99,12.22,12,227.8,1400
   202.0,1626,7269,0,531,14.58,12.60,14.40,12.21,12,227.9,1400
   203.0,1633,7262,0,534,13.93,12.58,12.19,12.20,12,230.3,1400
   204.0,1647,7248,0,534,18.03,12.61,13.29,12.21,12,230.1,1400
   205.0,1655,7240,0,537,16.16,12.61,13.43,12.20,12,226.3,1400
   206.0,1666,7229,0,541,14.01,12.64,14.02,12.22,12,228.9,1400
   207.0,1673,7222,0,544,12.73,12.64,12.93,12.21,12,227.8,1400
   208.0,1682,7213,0,548,10.95,12.59,11.52,12.21,12,230.7,1400
   209.0,1690,7205,0,556,13.77,12.61,17.18,12.23,12,229.3,1400
   210.0,1700,7195,0,556,13.83,12.60,14.61,12.22,12,228.5,1400
   211.0,1710,7185,0,560,13.91,12.61,12.21,12.23,12,234.3,1400
   212.0,1722,7173,0,563,15.33,12.63,14.78,12.24,12,227.9,1400
   213.0,1733,7162,0,563,16.17,12.64,13.37,12.24,12,226.9,1400
   214.0,1745,7150,0,567,17.02,12.67,14.61,12.26,12,228.1,1400
   215.0,1749,7146,0,568,11.49,12.62,11.03,12.22,12,227.0,1400
   216.0,1756,7139,0,571,12.72,12.61,10.24,12.21,12,229.4,1400
   217.0,1764,7131,0,574,10.44,12.60,10.69,12.20,12,230.1,1400
   218.0,1776,7119,0,581,14.21,12.62,15.59,12.23,12,231.9,1400
   219.0,1787,7108,0,585,18.25,12.64,17.04,12.25,12,228.5,1400
   220.0,1799,7096,0,585,17.08,12.65,14.66,12.25,12,228.1,1400
   221.0,1802,7093,0,586,11.55,12.61,9.01,12.21,12,229.6,1400
   222.0,1815,7080,0,586,16.89,12.63,10.55,12.21,12,230.1,1400
   223.0,1826,7069,0,586,16.45,12.64,12.02,12.20,12,229.9,1400
   224.0,1826,7069,0,589,8.44,12.64,7.86,12.16,12,231.6,1400
   225.0,1826,7069,0,589,0.00,12.64,1.55,12.10,12,235.2,1400
   226.0,1826,7069,0,589,0.00,12.64,0.00,12.04,12,234.3,1400
   227.0,1826,7069,0,589,0.00,12.64,0.00,11.98,12,231.2,1400
   228.0,1834,7061,0,589,11.37,12.38,8.32,11.96,12,233.5,1400
   229.0,1850,7045,0,589,16.71,12.44,12.22,11.98,12,227.9,1400
   230.0,1865,7030,0,589,21.96,12.46,16.06,11.99,12,227.3,1400
   231.0,1869,7026,0,590,13.74,12.43,10.58,11.96,12,229.2,1400
   232.0,1879,7016,0,590,17.31,12.44,11.40,11.95,12,231.6,1400
   233.0,1894,7001,0,590,18.93,12.48,13.84,11.96,12,232.0,1400
   234.0,1910,6985,0,590,22.39,12.53,16.38,11.98,12,230.3,1400
   235.0,1924,6971,0,590,21.52,12.55,15.74,11.99,12,234.9,1400
   236.0,1930,6965,0,590,14.21,12.54,10.39,11.96,12,229.2,1400
   237.0,1945,6950,0,590,16.78,12.57,12.27,11.98,12,224.8,1400
   238.0,1959,6936,0,590,20.67,12.60,15.12,11.99,12,228.1,1400
   239.0,1970,6925,0,590,18.86,12.62,13.80,11.98,12,228.7,1400
   240.0,1985,6910,0,590,19.86,12.65,14.53,12.00,12,228.8,1400
   241.0,1997,6898,0,590,18.74,12.67,13.70,12.00,12,231.9,1400
   242.0,2009,6886,0,594,18.65,12.70,15.92,12.02,12,232.3,1400
   243.0,2024,6871,0,594,19.99,12.72,16.78,12.03,12,227.3,1400
   244.0,2039,6856,0,594,23.41,12.75,17.12,12.04,12,227.6,1400
   245.0,2049,6846,0,594,19.38,12.76,14.17,12.03,12,230.4,1400
   246.0,2064,6831,0,594,19.17,12.80,14.02,12.05,12,228.9,1400
   247.0,2080,6815,0,594,22.81,12.84,16.68,12.06,12,228.8,1400
   248.0,2092,6803,0,594,20.02,12.86,14.64,12.06,12,232.8,1400
   249.0,2103,6792,0,594,17.01,12.87,12.44,12.06,12,227.8,1400
   250.0,2113,6782,0,594,15.34,12.86,11.22,12.05,12,228.8,1400
   251.0,2116,6779,0,594,9.25,12.86,6.76,12.01,12,225.4,1400
   252.0,2128,6767,0,594,12.49,12.85,9.14,12.01,12,229.0,1400
   253.0,2139,6756,0,594,15.86,12.85,11.60,12.01,12,229.1,1400
   254.0,2143,6752,0,594,11.42,12.82,8.36,11.97,12,232.9,1400
   255.0,2153,6742,0,594,12.35,12.82,9.03,11.96,12,230.3,1400
   256.0,2158,6737,0,594,11.51,12.80,8.42,11.93,12,234.8,1400
   257.0,2169,6726,0,594,15.64,12.81,11.44,11.93,12,234.5,1400
   258.0,2184,6711,0,594,19.48,12.84,14.25,11.94,12,227.4,1400
   259.0,2198,6697,0,594,20.68,12.87,15.13,11.95,12,229.7,1400
   260.0,2205,6690,0,594,14.98,12.86,10.95,11.93,12,226.8,1400
   261.0,2221,6674,0,594,17.90,12.89,13.08,11.95,12,226.9,1400
   262.0,2229,6666,0,596,17.56,12.92,13.91,11.94,12,232.4,1400
   263.0,2241,6654,0,596,14.35,12.91,11.55,11.94,12,232.3,1400
   264.0,2249,6646,0,596,14.64,12.89,10.71,11.92,12,230.2,1400
   265.0,2264,6631,0,596,16.51,12.92,12.07,11.93,12,233.1,1400
   266.0,2279,6616,0,596,22.06,12.95,16.14,11.95,12,228.1,1400
   267.0,2289,6606,0,596,18.09,12.97,13.23,11.94,12,225.8,1400
   268.0,2303,6592,0,596,18.06,12.98,13.21,11.95,12,231.4,1400
   269.0,2315,6580,0,596,17.96,13.01,13.14,11.95,12,231.2,1400
   270.0,2334,6561,0,596,22.41,13.05,16.39,11.98,12,232.0,1400
   271.0,2345,6550,0,596,20.69,13.06,15.14,11.97,12,235.2,1400
   272.0,2351,6544,0,596,12.91,13.05,9.44,11.95,12,234.1,1400
   273.0,2360,6535,0,596,10.78,13.03,7.88,11.94,12,227.4,1400
   274.0,2372,6523,0,596,17.87,13.06,13.07,11.94,12,227.0,1400
   275.0,2383,6512,0,596,18.06,13.06,13.21,11.93,12,228.8,1400
   276.0,2402,6493,0,596,21.06,13.10,15.40,11.96,12,230.2,1400
   277.0,2412,6483,0,596,19.90,13.11,14.56,11.95,12,230.0,1400
   278.0,2416,6479,0,596,11.17,13.09,8.17,11.92,12,232.6,1400
   279.0,2430,6465,0,596,13.38,13.11,9.79,11.93,12,232.8,1400
   280.0,2434,6461,0,596,12.80,13.08,9.36,11.90,12,234.4,1400
   281.0,2440,6455,0,596,7.73,13.08,5.65,11.88,12,227.7,1400
   282.0,2449,6446,0,596,11.46,13.05,8.38,11.86,12,230.5,1400
   283.0,2459,6436,0,596,15.34,13.06,11.22,11.86,12,229.9,1400
   284.0,2479,6416,0,596,23.53,13.11,17.21,11.89,12,231.2,1400
   285.0,2491,6404,0,596,22.04,13.14,16.12,11.89,12,234.4,1400
   286.0,2491,6404,0,596,8.74,13.14,6.39,11.84,12,233.5,1400
   287.0,2491,6404,0,596,0.00,13.14,0.00,11.80,12,233.6,1400
   288.0,2491,6404,0,596,0.00,13.14,0.00,11.75,12,235.0,1400
   289.0,2499,6396,0,599,16.50,12.96,16.59,11.75,12,234.8,1400
   290.0,2507,6388,0,603,13.15,12.96,13.83,11.75,12,227.4,1400
   291.0,2518,6377,0,607,17.67,12.97,15.36,11.76,12,228.3,1400
   292.0,2528,6367,0,611,16.14,12.97,16.29,11.77,12,228.5,1400
   293.0,2533,6362,0,612,11.48,12.95,11.20,11.75,12,231.9,1400
   294.0,2541,6354,0,615,9.81,12.96,9.38,11.75,12,232.1,1400
   295.0,2551,6344,0,615,13.99,12.94,11.93,11.74,12,232.5,1400
   296.0,2557,6338,0,615,12.20,12.92,8.92,11.72,12,232.6,1400
   297.0,2561,6334,0,616,9.99,12.90,8.04,11.70,12,231.6,1400
   298.0,2575,6320,0,616,14.00,12.91,10.81,11.70,12,230.0,1400
   299.0,2581,6314,0,616,14.87,12.91,10.88,11.68,12,227.1,1400
   300.0,2597,6298,0,616,17.54,12.93,12.83,11.70,12,231.3,1400
   301.0,2605,6290,0,624,17.05,12.94,16.63,11.71,12,232.0,1400
   302.0,2616,6279,0,624,15.93,12.94,14.57,11.71,12,230.1,1400
   303.0,2628,6267,0,624,17.86,12.96,13.06,11.71,12,233.2,1400
   304.0,2636,6259,0,631,14.54,12.95,14.36,11.72,12,233.8,1400
   305.0,2650,6245,0,631,19.10,12.96,15.66,11.73,12,227.0,1400
   306.0,2653,6242,0,634,12.97,12.94,11.16,11.71,12,227.9,1400
   307.0,2668,6227,0,634,17.77,12.96,12.57,11.72,12,230.5,1400
   308.0,2678,6217,0,634,17.13,12.96,12.53,11.72,12,229.6,1400
   309.0,2690,6205,0,638,15.94,12.98,13.78,11.73,12,233.0,1400
   310.0,2702,6193,0,642,17.25,12.99,16.82,11.75,12,234.1,1400
   311.0,2709,6186,0,645,13.52,12.99,13.53,11.74,12,233.8,1400
   312.0,2720,6175,0,649,13.32,12.98,13.54,11.75,12,228.7,1400
   313.0,2730,6165,0,649,15.78,12.98,13.74,11.75,12,227.9,1400
   314.0,2739,6156,0,649,14.81,12.98,10.83,11.74,12,229.4,1400
   315.0,2749,6146,0,653,13.96,12.98,12.36,11.75,12,230.0,1400
   316.0,2756,6139,0,653,15.33,12.99,10.54,11.73,12,229.7,1400
   317.0,2763,6132,0,654,11.12,12.96,8.71,11.72,12,234.3,1400
   318.0,2771,6124,0,657,14.21,12.96,11.28,11.71,12,231.6,1400
   319.0,2781,6114,0,657,13.46,12.96,11.49,11.71,12,236.9,1400
   320.0,2793,6102,0,657,15.76,12.97,11.53,11.71,12,236.5,1400
   321.0,2802,6093,0,657,15.74,12.97,11.51,11.70,12,228.9,1400
   322.0,2811,6084,0,657,12.96,12.96,9.48,11.69,12,228.2,1400
   323.0,2812,6083,0,657,7.07,12.93,5.17,11.65,12,228.7,1400
   324.0,2822,6073,0,657,11.28,12.93,8.25,11.65,12,229.7,1400
   325.0,2836,6059,0,657,18.05,12.94,13.20,11.66,12,232.4,1400
   326.0,2844,6051,0,661,15.34,12.94,13.26,11.66,12,236.0,1400
   327.0,2859,6036,0,661,20.81,12.96,15.29,11.67,12,233.6,1400
   328.0,2866,6029,0,668,15.65,12.96,15.09,11.68,12,233.5,1400
   329.0,2878,6017,0,671,16.65,12.96,15.96,11.69,12,228.9,1400
   330.0,2890,6005,0,671,17.55,12.98,14.44,11.69,12,229.3,1400
   331.0,2902,5993,0,671,17.69,12.99,12.94,11.69,12,228.5,1400
   332.0,2908,5987,0,675,13.22,12.97,11.82,11.68,12,231.1,1400
   333.0,2919,5976,0,679,11.79,12.98,12.68,11.70,12,231.4,1400
   334.0,2931,5964,0,679,17.77,12.99,15.25,11.70,12,234.4,1400
   335.0,2935,5960,0,680,12.70,12.96,9.87,11.67,12,235.8,1400
   336.0,2947,5948,0,680,20.60,12.98,12.57,11.68,12,229.6,1400
   337.0,2954,5941,0,682,14.93,12.97,12.07,11.67,12,228.2,1400
   338.0,2961,5934,0,686,12.89,12.96,11.51,11.66,12,227.9,1400
   339.0,2972,5923,0,686,15.22,12.97,11.05,11.66,12,230.5,1400
   340.0,2983,5912,0,690,15.52,12.98,13.41,11.67,12,230.6,1400
   341.0,2997,5898,0,690,17.67,12.98,14.99,11.68,12,230.5,1400
   342.0,3002,5893,0,690,13.41,12.97,9.81,11.66,12,233.6,1400
   343.0,3010,5885,0,690,11.08,12.99,8.10,11.65,12,232.2,1400
   344.0,3022,5873,0,691,13.83,12.97,10.62,11.65,12,229.5,1400
   345.0,3033,5862,0,691,18.81,12.97,12.51,11.65,12,226.8,1400
   346.0,3037,5858,0,691,11.96,12.95,8.75,11.63,12,230.7,1400
   347.0,3053,5842,0,691,19.26,12.98,14.08,11.64,12,231.0,1400
   348.0,3060,5835,0,695,16.82,12.97,14.45,11.64,12,231.1,1400
   349.0,3072,5823,0,697,17.52,12.98,13.59,11.65,12,234.5,1400
   350.0,3079,5816,0,701,13.34,12.98,12.84,11.64,12,234.4,1400
   351.0,3085,5810,0,701,11.56,12.98,9.47,11.63,12,234.4,1400
   352.0,3098,5797,0,701,13.69,12.97,10.01,11.63,12,230.5,1400
   353.0,3106,5789,0,708,14.65,12.97,14.29,11.64,12,228.7,1400
   354.0,3110,5785,0,708,8.56,12.95,9.91,11.62,12,231.0,1400
   355.0,3119,5776,0,708,9.55,12.94,6.99,11.61,12,229.9,1400
   356.0,3130,5765,0,708,17.48,12.95,12.79,11.61,12,231.3,1400
   357.0,3140,5755,0,711,16.76,12.95,14.01,11.61,12,231.5,1400
   358.0,3150,5745,0,711,16.93,12.95,11.73,11.61,12,234.6,1400
   359.0,3161,5734,0,715,15.31,12.96,13.33,11.62,12,235.6,1400
   360.0,3172,5723,0,715,15.63,12.97,13.51,11.62,12,230.5,1400
   361.0,3184,5711,0,723,17.65,12.97,17.39,11.64,12,229.1,1400
   362.0,3193,5702,0,723,16.29,12.97,14.19,11.63,12,229.8,1400
   363.0,3198,5697,0,723,11.16,12.96,8.16,11.61,12,230.6,1400
   364.0,3214,5681,0,727,19.04,12.98,16.58,11.64,12,232.5,1400
   365.0,3225,5670,0,727,18.94,12.98,15.91,11.64,12,232.0,1400
   366.0,3233,5662,0,731,16.99,12.98,15.04,11.64,12,234.6,1400
   367.0,3242,5653,0,731,14.87,12.98,11.30,11.63,12,228.7,1400
   368.0,3258,5637,0,735,17.57,13.00,14.91,11.65,12,230.6,1400
   369.0,3265,5630,0,739,16.17,13.00,15.94,11.65,12,228.2,1400
   370.0,3277,5618,0,743,17.09,13.01,15.04,11.66,12,232.1,1400
   371.0,3287,5608,0,743,15.82,13.01,13.68,11.66,12,231.8,1400
   372.0,3299,5596,0,746,16.91,13.02,14.05,11.67,12,232.3,1400
   373.0,3306,5589,0,750,13.31,13.02,13.32,11.67,12,237.2,1400
   374.0,3318,5577,0,750,13.27,13.02,11.75,11.67,12,230.1,1400
   375.0,3330,5565,0,750,17.15,13.02,12.55,11.67,12,230.3,1400
   376.0,3330,5565,0,750,9.76,13.02,7.14,11.64,12,231.1,1400
   377.0,3330,5565,0,750,0.00,13.02,0.00,11.60,12,231.1,1400
   378.0,3330,5565,0,750,0.00,13.02,0.00,11.57,12,232.8,1400
   379.0,3334,5561,0,750,21.88,12.89,16.00,11.55,12,231.7,1400
   380.0,3340,5555,0,750,12.38,12.88,9.06,11.53,12,232.6,1400
   381.0,3350,5545,0,750,13.79,12.88,10.09,11.53,12,232.0,1400
   382.0,3362,5533,0,750,17.25,12.90,12.61,11.53,12,235.7,1400
   383.0,3375,5520,0,750,18.20,12.90,13.31,11.53,12,232.2,1400
   384.0,3380,5515,0,750,13.44,12.89,9.83,11.52,12,229.4,1400
   385.0,3385,5510,0,750,8.54,12.88,6.25,11.50,12,230.2,1400
   386.0,3395,5500,0,750,10.46,12.88,7.65,11.49,12,232.9,1400
   387.0,3415,5480,0,750,20.75,12.91,15.17,11.52,12,233.8,1400
   388.0,3421,5474,0,750,18.00,12.91,13.16,11.50,12,232.9,1400
   389.0,3422,5473,0,750,5.42,12.87,3.96,11.47,12,232.0,1400
   390.0,3433,5462,0,750,15.36,12.87,11.24,11.47,12,235.0,1400
   391.0,3444,5451,0,750,16.66,12.89,12.19,11.47,12,236.3,1400
   392.0,3458,5437,0,750,18.88,12.90,13.81,11.48,12,231.1,1400
   393.0,3469,5426,0,750,17.68,12.90,12.93,11.48,12,229.4,1400
   394.0,3477,5418,0,750,15.08,12.91,11.03,11.47,12,228.0,1400
   395.0,3480,5415,0,750,8.87,12.88,6.49,11.44,12,229.7,1400
   396.0,3491,5404,0,750,14.92,12.89,10.91,11.44,12,232.7,1400
   397.0,3499,5396,0,750,13.25,12.88,9.69,11.43,12,232.2,1400
   398.0,3508,5387,0,750,11.86,12.87,8.68,11.43,12,233.7,1400
   399.0,3520,5375,0,750,18.58,12.88,13.59,11.43,12,236.8,1400
   400.0,3531,5364,0,750,17.53,12.89,12.82,11.43,12,238.4,1400
   401.0,3542,5353,0,750,16.58,12.90,12.13,11.43,12,233.6,1400
   402.0,3552,5343,0,750,16.30,12.90,11.93,11.42,12,229.3,1400
   403.0,3571,5324,0,750,20.40,12.93,14.92,11.44,12,229.3,1400
   404.0,3577,5318,0,750,17.50,12.93,12.80,11.43,12,231.4,1400
   405.0,3592,5303,0,750,16.68,12.94,12.20,11.44,12,233.7,1400
   406.0,3598,5297,0,750,14.16,12.94,10.36,11.42,12,231.2,1400
   407.0,3612,5283,0,750,15.07,12.94,11.02,11.43,12,236.6,1400
   408.0,3620,5275,0,750,15.95,12.94,11.66,11.42,12,234.2,1400
   409.0,3631,5264,0,750,15.16,12.94,11.08,11.42,12,229.8,1400
   410.0,3642,5253,0,750,15.63,12.95,11.43,11.42,12,228.1,1400
   411.0,3647,5248,0,750,12.70,12.93,9.29,11.40,12,232.4,1400
   412.0,3657,5238,0,750,11.27,12.93,8.25,11.40,12,232.4,1400
   413.0,3662,5233,0,750,11.01,12.92,8.06,11.38,12,233.7,1400
   414.0,3674,5221,0,750,18.32,12.93,13.40,11.38,12,233.9,1400
   415.0,3681,5214,0,750,14.81,12.93,10.83,11.37,12,234.2,1400
   416.0,3690,5205,0,750,12.14,12.92,8.88,11.37,12,235.7,1400
   417.0,3706,5189,0,750,18.16,12.95,13.28,11.38,12,236.3,1400
   418.0,3708,5187,0,754,12.50,12.93,11.18,11.36,12,231.2,1400
   419.0,3717,5178,0,754,10.32,12.91,8.02,11.36,12,228.1,1400
   420.0,3726,5169,0,754,12.94,12.91,9.46,11.35,12,230.1,1400
   421.0,3732,5163,0,754,11.36,12.90,8.30,11.34,12,229.5,1400
   422.0,3739,5156,0,754,10.91,12.90,7.98,11.33,12,231.9,1400
   423.0,3749,5146,0,754,12.36,12.90,9.04,11.32,12,234.4,1400
   424.0,3764,5131,0,754,17.35,12.91,12.69,11.33,12,234.4,1400
   425.0,3775,5120,0,758,18.53,12.92,15.64,11.34,12,238.4,1400
   426.0,3786,5109,0,758,18.68,12.93,13.80,11.34,12,231.3,1400
   427.0,3790,5105,0,758,11.06,12.91,8.09,11.32,12,231.0,1400
   428.0,3804,5091,0,758,13.71,12.92,10.03,11.33,12,231.6,1400
   429.0,3814,5081,0,758,16.72,12.92,12.23,11.33,12,231.9,1400
   430.0,3829,5066,0,758,20.19,12.94,14.77,11.34,12,235.3,1400
   431.0,3840,5055,0,758,19.30,12.95,14.12,11.34,12,233.5,1400
   432.0,3849,5046,0,758,15.85,12.95,11.59,11.33,12,233.0,1400
   433.0,3862,5033,0,758,16.37,12.95,11.98,11.33,12,238.1,1400
   434.0,3874,5021,0,758,19.96,12.97,14.60,11.34,12,228.8,1400
   435.0,3889,5006,0,758,20.61,12.98,15.07,11.34,12,230.2,1400
   436.0,3894,5001,0,758,13.71,12.97,10.03,11.33,12,232.7,1400
   437.0,3904,4991,0,758,12.22,12.98,8.94,11.33,12,231.6,1400
   438.0,3904,4991,0,758,7.28,12.98,5.32,11.30,12,238.4,1400
   439.0,3904,4991,0,758,0.00,12.98,0.00,11.27,12,234.3,1400
   440.0,3904,4991,0,758,0.00,12.98,0.00,11.24,12,235.1,1400
   441.0,3912,4983,0,762,13.78,12.88,15.11,11.25,11,233.9,1400
   442.0,3922,4973,0,762,13.72,12.88,12.26,11.24,11,234.1,1400
   443.0,3932,4963,0,762,14.07,12.88,10.29,11.24,11,236.5,1400
   444.0,3946,4949,0,762,18.36,12.89,13.43,11.25,11,228.4,1400
   445.0,3946,4949,0,765,10.79,12.89,9.58,11.23,11,228.8,1400
   446.0,3954,4941,0,765,16.55,12.85,6.61,11.22,11,230.9,1400
   447.0,3966,4929,0,765,16.59,12.86,12.14,11.22,11,234.0,1400
   448.0,3973,4922,0,768,15.36,12.87,13.01,11.22,11,233.4,1400
   449.0,3981,4914,0,771,10.69,12.86,10.95,11.22,11,236.8,1400
   450.0,3990,4905,0,771,12.11,12.85,10.42,11.21,11,236.3,1400
   451.0,4001,4894,0,771,14.12,12.86,10.33,11.21,11,239.8,1400
   452.0,4006,4889,0,774,12.29,12.85,10.67,11.20,11,231.6,1400
   453.0,4017,4878,0,774,14.27,12.85,12.39,11.20,11,228.4,1400
   454.0,4025,4870,0,777,14.84,12.86,12.57,11.20,11,231.0,1400
   455.0,4036,4859,0,781,13.66,12.85,13.67,11.21,11,231.4,1400
   456.0,4044,4851,0,782,13.18,12.84,12.18,11.21,11,233.2,1400
   457.0,4052,4843,0,786,11.34,12.85,10.89,11.21,11,233.7,1400
   458.0,4058,4837,0,790,10.53,12.84,12.11,11.21,11,233.5,1400
   459.0,4064,4831,0,790,8.76,12.83,8.54,11.19,11,236.0,1400
   460.0,4072,4823,0,790,9.83,12.82,7.19,11.19,11,231.7,1400
   461.0,4082,4813,0,790,12.44,12.81,9.10,11.18,11,229.5,1400
   462.0,4092,4803,0,790,17.00,12.81,12.44,11.18,11,230.8,1400
   463.0,4104,4791,0,790,17.26,12.83,12.62,11.18,11,234.3,1400
   464.0,4111,4784,0,793,14.59,12.83,12.35,11.18,11,232.1,1400
   465.0,4116,4779,0,793,8.93,12.81,8.17,11.17,11,234.3,1400
   466.0,4130,4765,0,793,15.21,12.82,11.12,11.17,11,233.8,1400
   467.0,4142,4753,0,793,18.17,12.83,13.29,11.17,11,234.3,1400
   468.0,4147,4748,0,796,13.15,12.81,11.32,11.17,11,236.7,1400
   469.0,4154,4741,0,799,11.74,12.81,9.71,11.16,11,229.0,1400
   470.0,4166,4729,0,807,13.85,12.81,15.99,11.18,11,231.1,1400
   471.0,4177,4718,0,807,16.40,12.82,16.17,11.18,11,232.3,1400
   472.0,4185,4710,0,810,14.79,12.81,12.53,11.18,11,233.8,1400
   473.0,4194,4701,0,810,12.42,12.81,10.68,11.18,11,236.5,1400
   474.0,4206,4689,0,814,16.62,12.82,14.48,11.19,11,236.7,1400
   475.0,4214,4681,0,818,14.73,12.83,15.09,11.19,11,236.8,1400
   476.0,4221,4674,0,820,12.38,12.82,11.26,11.19,11,233.7,1400
   477.0,4231,4664,0,823,14.42,12.81,11.46,11.19,11,229.5,1400
   478.0,4243,4652,0,823,15.24,12.82,12.67,11.19,11,229.4,1400
   479.0,4255,4640,0,823,17.41,12.83,12.73,11.19,11,232.0,1400
   480.0,4267,4628,0,826,17.29,12.83,14.23,11.20,11,232.9,1400
   481.0,4279,4616,0,826,17.05,12.85,14.03,11.20,11,232.6,1400
   482.0,4283,4612,0,827,12.41,12.83,9.65,11.19,11,234.4,1400
   483.0,4291,4604,0,827,14.62,12.82,8.85,11.18,11,239.0,1400
   484.0,4303,4592,0,831,14.15,12.83,12.42,11.19,11,231.7,1400
   485.0,4311,4584,0,833,14.89,12.83,14.15,11.19,11,231.2,1400
   486.0,4319,4576,0,833,11.54,12.83,9.49,11.18,11,233.4,1400
   487.0,4330,4565,0,835,13.80,12.83,11.15,11.19,11,234.1,1400
   488.0,4341,4554,0,839,18.04,12.83,14.35,11.20,11,234.2,1400
   489.0,4349,4546,0,842,13.43,12.83,13.44,11.20,11,235.5,1400
   490.0,4363,4532,0,842,15.65,12.84,13.01,11.20,11,235.6,1400
   491.0,4371,4524,0,845,15.72,12.84,13.07,11.20,11,233.4,1400
   492.0,4379,4516,0,852,11.55,12.83,13.72,11.21,11,230.4,1400
   493.0,4387,4508,0,856,13.78,12.84,14.72,11.21,11,230.2,1400
   494.0,4403,4492,0,856,18.32,12.85,15.63,11.22,11,234.8,1400
   495.0,4415,4480,0,864,19.58,12.86,18.41,11.24,11,234.4,1400
   496.0,4423,4472,0,868,15.41,12.86,16.09,11.24,11,234.5,1400
   497.0,4435,4460,0,868,15.47,12.87,13.58,11.24,11,231.6,1400
   498.0,4449,4446,0,868,18.09,12.87,13.22,11.25,11,232.4,1400
   499.0,4457,4438,0,875,15.24,12.88,14.70,11.26,11,231.8,1400
   500.0,4468,4427,0,878,15.13,12.87,14.89,11.26,11,235.4,1400
   501.0,4475,4420,0,882,13.69,12.87,13.91,11.26,11,235.7,1400
   502.0,4490,4405,0,882,16.78,12.88,14.50,11.27,11,234.0,1400
   503.0,4498,4397,0,884,15.87,12.88,12.61,11.27,11,236.2,1400
   504.0,4501,4394,0,886,11.48,12.86,9.71,11.25,11,236.2,1400
   505.0,4512,4383,0,886,15.99,12.87,10.72,11.25,11,230.6,1400
   506.0,4520,4375,0,886,13.27,12.88,9.70,11.25,11,228.9,1400
   507.0,4528,4367,0,889,11.11,12.86,9.65,11.25,11,232.0,1400
   508.0,4540,4355,0,893,15.51,12.87,15.31,11.26,11,232.8,1400
   509.0,4549,4346,0,893,15.05,12.86,13.10,11.25,11,234.4,1400
   510.0,4560,4335,0,893,15.13,12.87,11.07,11.25,11,235.0,1400
   511.0,4567,4328,0,893,13.86,12.86,10.14,11.24,11,234.8,1400
   512.0,4581,4314,0,893,17.80,12.87,13.02,11.25,11,231.0,1400
   513.0,4581,4314,0,897,9.97,12.87,9.38,11.23,11,230.8,1400
   514.0,4589,4306,0,900,11.10,12.84,8.89,11.23,11,231.0,1400
   515.0,4600,4295,0,900,13.09,12.85,11.08,11.23,11,232.1,1400
   516.0,4608,4287,0,900,14.56,12.85,10.64,11.23,11,231.9,1400
   517.0,4619,4276,0,903,14.68,12.85,12.44,11.23,11,235.2,1400
   518.0,4627,4268,0,907,13.85,12.86,13.86,11.23,11,235.3,1400
   519.0,4642,4253,0,907,17.54,12.86,15.06,11.24,11,237.8,1400
   520.0,4650,4245,0,910,16.39,12.86,13.56,11.24,11,230.9,1400
   521.0,4661,4234,0,914,13.88,12.86,13.90,11.25,11,231.8,1400
   522.0,4672,4223,0,917,18.08,12.86,15.28,11.25,11,230.9,1400
   523.0,4682,4213,0,917,15.49,12.87,12.95,11.25,11,236.1,1400
   524.0,4689,4206,0,920,13.55,12.86,11.66,11.25,11,235.9,1400
   525.0,4704,4191,0,924,19.52,12.87,15.82,11.26,11,236.8,1400
   526.0,4711,4184,0,928,15.07,12.87,15.03,11.26,11,237.2,1400
   527.0,4722,4173,0,932,15.90,12.88,14.05,11.27,11,233.8,1400
   528.0,4734,4161,0,932,16.85,12.88,14.47,11.27,11,230.2,1400
   529.0,4745,4150,0,936,16.44,12.88,14.11,11.28,11,231.0,1400
   530.0,4757,4138,0,936,15.93,12.89,13.67,11.28,11,233.9,1400
   531.0,4768,4127,0,940,16.63,12.90,14.28,11.29,11,235.9,1400
   532.0,4780,4115,0,940,16.75,12.91,14.38,11.29,11,237.5,1400
   533.0,4792,4103,0,944,17.31,12.91,14.77,11.30,11,231.8,1400
   534.0,4799,4096,0,947,14.89,12.91,13.04,11.30,11,229.6,1400
   535.0,4813,4082,0,947,15.33,12.91,12.81,11.30,11,232.1,1400
   536.0,4818,4077,0,947,13.17,12.90,9.63,11.29,11,233.3,1400
   537.0,4827,4068,0,947,10.36,12.90,7.58,11.29,11,235.8,1400
   538.0,4838,4057,0,947,16.86,12.90,12.33,11.28,11,236.1,1400
   539.0,4844,4051,0,947,13.10,12.91,9.58,11.27,11,238.4,1400
   540.0,4857,4038,0,947,14.42,12.91,10.55,11.28,11,238.6,1400
   541.0,4868,4027,0,947,16.81,12.91,12.30,11.28,11,236.0,1400
   542.0,4872,4023,0,951,12.83,12.91,11.88,11.27,11,231.6,1400
   543.0,4872,4023,0,951,2.94,12.91,4.30,11.25,11,233.0,1400
   544.0,4872,4023,0,951,0.00,12.91,0.00,11.23,11,232.0,1400
   545.0,4876,4019,0,951,21.88,12.83,16.00,11.21,11,233.4,1400
   546.0,4879,4016,0,953,9.48,12.82,8.91,11.20,11,232.3,1400
   547.0,4890,4005,0,957,15.32,12.82,13.00,11.21,11,236.2,1400
   548.0,4897,3998,0,957,13.01,12.82,11.63,11.20,11,234.5,1400
   549.0,4908,3987,0,960,13.40,12.83,11.44,11.21,11,237.2,1400
   550.0,4918,3977,0,960,14.53,12.82,12.14,11.20,11,236.6,1400
   551.0,4930,3965,0,964,16.45,12.83,14.22,11.21,11,234.3,1400
   552.0,4939,3956,0,964,15.69,12.83,13.66,11.21,11,235.3,1400
   553.0,4949,3946,0,967,14.31,12.83,12.12,11.21,11,235.0,1400
   554.0,4958,3937,0,967,15.40,12.82,11.25,11.21,11,232.4,1400
   555.0,4967,3928,0,967,14.79,12.82,10.82,11.20,11,235.3,1400
   556.0,4977,3918,0,967,14.27,12.82,10.44,11.20,11,235.5,1400
   557.0,4985,3910,0,970,14.46,12.83,12.34,11.20,11,236.1,1400
   558.0,4994,3901,0,970,12.83,12.82,11.04,11.20,11,232.7,1400
   559.0,5004,3891,0,970,13.00,12.83,9.51,11.19,11,230.4,1400
   560.0,5012,3883,0,970,12.93,12.82,9.46,11.19,11,232.0,1400
   561.0,5018,3877,0,970,9.58,12.81,7.01,11.18,11,231.8,1400
   562.0,5025,3870,0,973,10.83,12.82,9.75,11.18,11,236.2,1400
   563.0,5040,3855,0,973,15.20,12.82,12.63,11.18,11,236.2,1400
   564.0,5047,3848,0,977,15.62,12.81,13.50,11.18,11,236.3,1400
   565.0,5057,3838,0,977,14.86,12.81,11.70,11.18,11,237.4,1400
   566.0,5067,3828,0,977,14.13,12.82,10.34,11.18,11,237.0,1400
   567.0,5079,3816,0,981,15.83,12.83,13.68,11.19,11,229.7,1400
   568.0,5090,3805,0,981,17.57,12.82,15.08,11.19,11,234.1,1400
   569.0,5100,3795,0,981,16.21,12.83,11.85,11.19,11,232.1,1400
   570.0,5111,3784,0,984,15.91,12.83,13.30,11.19,11,231.9,1400
   571.0,5119,3776,0,986,13.74,12.83,12.70,11.19,11,235.1,1400
   572.0,5126,3769,0,990,10.98,12.83,11.24,11.19,11,234.9,1400
   573.0,5139,3756,0,990,16.52,12.83,12.75,11.19,11,238.4,1400
   574.0,5146,3749,0,990,14.10,12.83,10.31,11.18,11,233.0,1400
   575.0,5160,3735,0,990,16.19,12.84,11.84,11.19,11,231.8,1400
   576.0,5170,3725,0,990,16.66,12.84,12.18,11.19,11,234.7,1400
   577.0,5180,3715,0,994,16.29,12.84,14.29,11.19,11,235.0,1400
   578.0,5182,3713,0,994,8.70,12.83,8.48,11.18,11,235.8,1400
   579.0,5191,3704,0,994,10.29,12.82,7.52,11.17,11,233.6,1400
   580.0,5201,3694,0,997,15.20,12.82,12.87,11.17,11,236.5,1400
   581.0,5209,3686,0,1001,15.89,12.82,13.36,11.18,11,237.2,1400
   582.0,5220,3675,0,1001,14.42,12.83,12.77,11.18,11,229.9,1400
   583.0,5227,3668,0,1002,12.56,12.82,9.70,11.17,11,230.5,1400
   584.0,5243,3652,0,1006,22.44,12.83,15.88,11.19,11,233.4,1400
   585.0,5246,3649,0,1009,13.13,12.82,13.14,11.18,11,233.2,1400
   586.0,5257,3638,0,1012,13.89,12.83,11.64,11.18,11,235.9,1400
   587.0,5268,3627,0,1012,15.30,12.83,12.72,11.18,11,234.1,1400
   588.0,5274,3621,0,1012,12.74,12.82,9.32,11.17,11,238.5,1400
   589.0,5288,3607,0,1012,15.79,12.83,11.54,11.18,11,238.5,1400
   590.0,5294,3601,0,1016,13.84,12.82,12.15,11.18,11,234.1,1400
   591.0,5303,3592,0,1016,13.66,12.82,10.43,11.17,11,232.7,1400
   592.0,5314,3581,0,1016,14.92,12.82,10.91,11.17,11,233.7,1400
   593.0,5324,3571,0,1016,16.28,12.83,11.90,11.17,11,233.0,1400
   594.0,5335,3560,0,1016,16.24,12.83,11.88,11.17,11,233.4,1400
   595.0,5347,3548,0,1020,17.55,12.84,15.07,11.18,11,237.5,1400
   596.0,5358,3537,0,1024,15.99,12.84,15.77,11.18,11,237.7,1400
   597.0,5365,3530,0,1027,12.62,12.84,12.82,11.18,11,231.2,1400
   598.0,5380,3515,0,1027,15.56,12.85,12.93,11.19,11,232.3,1400
   599.0,5389,3506,0,1027,17.38,12.84,12.71,11.18,11,233.4,1400
   600.0,5400,3495,0,1027,14.85,12.85,10.86,11.18,11,233.4,1400
   601.0,5410,3485,0,1031,17.21,12.85,14.99,11.19,11,237.5,1400
   602.0,5417,3478,0,1031,13.34,12.85,12.06,11.18,11,236.6,1400
   603.0,5425,3470,0,1032,11.69,12.84,9.12,11.18,11,239.1,1400
   604.0,5428,3467,0,1034,11.60,12.84,8.87,11.17,11,238.6,1400
   605.0,5443,3452,0,1034,13.68,12.84,11.11,11.17,11,232.2,1400
   606.0,5446,3449,0,1038,12.47,12.83,11.15,11.17,11,231.1,1400
   607.0,5451,3444,0,1038,7.91,12.82,7.15,11.16,11,233.2,1400
   608.0,5462,3433,0,1042,14.46,12.83,13.22,11.16,11,233.8,1400
   609.0,5473,3422,0,1046,15.52,12.83,15.48,11.17,11,234.1,1400
   610.0,5482,3413,0,1046,14.52,12.82,12.75,11.17,11,236.8,1400
   611.0,5494,3401,0,1050,14.88,12.83,12.96,11.17,11,237.5,1400
   612.0,5504,3391,0,1054,15.35,12.83,15.30,11.18,11,237.9,1400
   613.0,5514,3381,0,1054,14.49,12.83,12.72,11.18,11,234.3,1400
   614.0,5524,3371,0,1054,15.45,12.83,11.30,11.17,11,233.7,1400
   615.0,5530,3365,0,1058,11.55,12.82,10.56,11.17,11,235.7,1400
   616.0,5541,3354,0,1058,12.02,12.83,10.86,11.17,11,236.0,1400
   617.0,5544,3351,0,1061,11.10,12.82,9.86,11.16,11,232.9,1400
   618.0,5556,3339,0,1061,14.00,12.82,9.39,11.17,11,238.6,1400
   619.0,5567,3328,0,1065,16.95,12.82,14.56,11.17,11,236.7,1400
   620.0,5574,3321,0,1068,15.63,12.82,13.32,11.17,11,234.2,1400
   621.0,5584,3311,0,1068,15.57,12.82,11.15,11.17,11,231.2,1400
   622.0,5600,3295,0,1071,18.59,12.83,15.17,11.18,11,232.3,1400
   623.0,5603,3292,0,1073,13.17,12.82,12.16,11.17,11,234.5,1400
   624.0,5617,3278,0,1073,20.26,12.83,12.30,11.18,11,234.8,1400
   625.0,5625,3270,0,1076,16.56,12.83,13.76,11.17,11,234.7,1400
   626.0,5636,3259,0,1076,14.63,12.83,12.39,11.17,11,239.2,1400
   627.0,5647,3248,0,1076,15.76,12.83,11.52,11.17,11,239.3,1400
   628.0,5650,3245,0,1080,11.10,12.83,10.44,11.17,11,233.4,1400
   629.0,5664,3231,0,1080,15.47,12.83,11.16,11.17,11,233.8,1400
   630.0,5673,3222,0,1080,15.78,12.83,11.54,11.17,11,234.5,1400
   631.0,5679,3216,0,1082,11.13,12.82,9.22,11.16,11,233.5,1400
   632.0,5690,3205,0,1082,15.77,12.83,10.78,11.16,11,234.2,1400
   633.0,5698,3197,0,1090,13.74,12.82,14.28,11.17,11,237.5,1400
   634.0,5709,3186,0,1090,15.49,12.83,14.47,11.17,11,237.9,1400
   635.0,5712,3183,0,1091,10.75,12.83,8.43,11.16,11,239.4,1400
   636.0,5725,3170,0,1091,11.42,12.82,8.88,11.16,11,233.4,1400
   637.0,5737,3158,0,1095,17.22,12.82,14.61,11.17,11,233.4,1400
   638.0,5751,3144,0,1095,19.53,12.83,16.48,11.17,11,236.8,1400
   639.0,5758,3137,0,1099,16.20,12.83,14.10,11.17,11,236.4,1400
   640.0,5765,3130,0,1102,12.64,12.83,12.05,11.17,11,236.4,1400
   641.0,5776,3119,0,1102,13.62,12.83,11.62,11.17,11,238.9,1400
   642.0,5790,3105,0,1102,17.52,12.84,12.81,11.18,11,239.5,1400
   643.0,5796,3099,0,1106,14.03,12.83,12.31,11.17,11,234.4,1400
   644.0,5807,3088,0,1106,16.40,12.84,11.31,11.17,11,232.1,1400
   645.0,5807,3088,0,1107,8.44,12.84,6.73,11.16,11,233.2,1400
   646.0,5818,3077,0,1107,17.41,12.82,10.14,11.16,11,233.7,1400
   647.0,5829,3066,0,1110,16.14,12.82,13.41,11.16,11,235.6,1400
   648.0,5836,3059,0,1112,12.38,12.81,11.56,11.16,11,236.3,1400
   649.0,5840,3055,0,1114,8.63,12.81,8.61,11.15,11,236.1,1400
   650.0,5848,3047,0,1114,9.59,12.81,8.19,11.15,11,238.8,1400
   651.0,5853,3042,0,1114,9.16,12.79,6.70,11.14,11,239.7,1400
   652.0,5864,3031,0,1114,15.08,12.80,11.03,11.14,11,237.0,1400
   653.0,5875,3020,0,1118,15.54,12.81,13.43,11.14,11,234.2,1400
   654.0,5885,3010,0,1118,15.26,12.80,13.28,11.14,11,232.6,1400
   655.0,5894,3001,0,1118,14.38,12.80,10.52,11.14,11,237.5,1400
   656.0,5901,2994,0,1120,11.71,12.80,9.63,11.13,11,235.3,1400
   657.0,5909,2986,0,1123,13.93,12.79,11.19,11.13,11,234.9,1400
   658.0,5914,2981,0,1123,9.25,12.79,8.32,11.12,11,236.7,1400
   659.0,5921,2974,0,1130,10.58,12.78,12.25,11.13,11,236.4,1400
   660.0,5927,2968,0,1130,11.00,12.77,10.78,11.12,11,239.2,1400
   661.0,5936,2959,0,1130,12.08,12.77,8.84,11.12,11,230.6,1400
   662.0,5939,2956,0,1130,8.53,12.77,6.24,11.10,11,231.9,1400
   663.0,5949,2946,0,1130,9.71,12.76,7.10,11.10,11,233.3,1400
   664.0,5959,2936,0,1130,16.09,12.76,11.77,11.10,11,234.4,1400
   665.0,5970,2925,0,1130,17.81,12.76,13.03,11.10,11,234.4,1400
   666.0,5973,2922,0,1132,11.13,12.75,9.30,11.09,11,237.1,1400
   667.0,5987,2908,0,1132,17.32,12.76,11.53,11.09,11,237.0,1400
   668.0,5990,2905,0,1132,11.95,12.76,8.74,11.08,11,239.0,1400
   669.0,5996,2899,0,1133,7.20,12.74,5.85,11.08,11,238.2,1400
   670.0,6006,2889,0,1133,13.68,12.74,8.72,11.07,11,235.2,1400
   671.0,6017,2878,0,1133,14.45,12.75,10.57,11.07,11,232.6,1400
   672.0,6023,2872,0,1136,13.19,12.75,11.35,11.07,11,231.7,1400
   673.0,6033,2862,0,1136,11.26,12.74,9.78,11.07,11,234.5,1400
   674.0,6045,2850,0,1136,16.50,12.74,12.07,11.07,11,237.2,1400
   675.0,6053,2842,0,1136,15.10,12.75,11.04,11.07,11,236.8,1400
   676.0,6058,2837,0,1139,10.11,12.74,9.10,11.06,11,236.4,1400
   677.0,6067,2828,0,1139,10.06,12.73,8.94,11.06,11,238.2,1400
   678.0,6076,2819,0,1139,13.81,12.73,10.10,11.05,11,241.5,1400
   679.0,6086,2809,0,1139,15.78,12.73,11.54,11.05,11,235.7,1400
   680.0,6093,2802,0,1143,13.05,12.73,11.79,11.05,11,235.7,1400
   681.0,6108,2787,0,1143,19.52,12.74,13.72,11.06,11,233.7,1400
   682.0,6116,2779,0,1145,15.93,12.74,12.66,11.06,11,233.7,1400
   683.0,6123,2772,0,1145,11.71,12.74,9.70,11.05,11,235.6,1400
   684.0,6133,2762,0,1145,13.71,12.73,10.03,11.05,11,235.2,1400
   685.0,6140,2755,0,1145,11.86,12.73,8.67,11.04,11,237.8,1400
   686.0,6149,2746,0,1145,12.03,12.73,8.80,11.04,11,237.3,1400
   687.0,6159,2736,0,1145,14.24,12.73,10.42,11.04,11,240.5,1400
   688.0,6166,2729,0,1145,12.52,12.74,9.16,11.03,11,231.9,1400
   689.0,6173,2722,0,1146,9.69,12.72,7.59,11.03,11,235.1,1400
   690.0,6173,2722,0,1146,6.65,12.72,4.20,11.01,11,233.3,1400
   691.0,6184,2711,0,1146,15.93,12.71,11.65,11.01,11,236.4,1400
   692.0,6192,2703,0,1146,13.36,12.70,9.77,11.01,11,236.4,1400
   693.0,6197,2698,0,1146,9.56,12.69,6.99,11.00,11,238.0,1400
   694.0,6209,2686,0,1150,13.17,12.70,11.90,11.01,11,236.0,1400
   695.0,6219,2676,0,1150,15.36,12.70,13.28,11.00,11,239.1,1400
   696.0,6229,2666,0,1150,15.40,12.70,11.26,11.00,11,239.7,1400
   697.0,6240,2655,0,1153,16.49,12.71,13.79,11.01,11,232.6,1400
   698.0,6246,2649,0,1153,12.54,12.70,10.79,11.00,11,232.7,1400
   699.0,6256,2639,0,1157,13.20,12.70,12.07,11.00,11,233.0,1400
   700.0,6262,2633,0,1157,11.54,12.70,10.55,11.00,11,235.9,1400
   701.0,6269,2626,0,1160,10.69,12.70,9.63,11.00,11,235.3,1400
   702.0,6280,2615,0,1160,12.84,12.69,10.95,11.00,11,237.5,1400
   703.0,6284,2611,0,1163,11.60,12.70,10.18,10.99,11,240.3,1400
   704.0,6284,2611,0,1163,2.87,12.70,3.68,10.97,11,242.4,1400
   705.0,6284,2611,0,1163,0.00,12.70,0.00,10.96,11,241.2,1400
   706.0,6287,2608,0,1166,10.20,12.64,14.93,10.95,11,240.2,1400
   707.0,6297,2598,0,1166,12.68,12.63,11.41,10.95,11,231.7,1400
   708.0,6309,2586,0,1166,16.23,12.64,11.87,10.95,11,236.1,1400
   709.0,6319,2576,0,1166,17.09,12.64,12.50,10.95,11,236.3,1400
   710.0,6329,2566,0,1166,15.75,12.64,11.52,10.95,11,235.4,1400
   711.0,6340,2555,0,1166,15.69,12.64,11.48,10.95,11,236.1,1400
   712.0,6344,2551,0,1166,11.91,12.63,8.71,10.94,11,237.4,1400
   713.0,6354,2541,0,1166,11.92,12.64,8.72,10.94,11,238.4,1400
   714.0,6360,2535,0,1169,12.73,12.63,11.05,10.93,11,237.8,1400
   715.0,6366,2529,0,1169,10.56,12.63,7.69,10.93,11,243.1,1400
   716.0,6374,2521,0,1169,11.73,12.62,8.58,10.92,11,233.2,1400
   717.0,6384,2511,0,1169,13.00,12.62,9.51,10.92,11,236.5,1400
   718.0,6389,2506,0,1169,11.79,12.61,8.63,10.91,11,232.7,1400
   719.0,6400,2495,0,1169,11.96,12.62,8.75,10.91,11,235.3,1400
   720.0,6406,2489,0,1173,13.60,12.61,12.29,10.91,11,238.3,1400
   721.0,6421,2474,0,1173,17.82,12.62,12.81,10.92,11,236.3,1400
   722.0,6432,2463,0,1176,18.95,12.62,15.46,10.92,11,236.9,1400
   723.0,6439,2456,0,1176,13.80,12.62,11.78,10.92,11,239.7,1400
   724.0,6450,2445,0,1176,14.60,12.63,10.68,10.92,11,233.7,1400
   725.0,6460,2435,0,1176,15.09,12.63,11.04,10.91,11,234.4,1400
   726.0,6471,2424,0,1180,14.72,12.63,12.81,10.92,11,234.8,1400
   727.0,6482,2413,0,1180,15.15,12.64,13.09,10.92,11,234.4,1400
   728.0,6488,2407,0,1186,12.01,12.63,11.89,10.92,11,238.3,1400
   729.0,6498,2397,0,1186,12.85,12.63,11.26,10.92,11,239.6,1400
   730.0,6507,2388,0,1186,13.57,12.63,9.93,10.92,11,239.4,1400
   731.0,6514,2381,0,1186,12.04,12.63,8.81,10.91,11,242.1,1400
   732.0,6518,2377,0,1186,8.49,12.61,6.21,10.90,11,232.0,1400
   733.0,6528,2367,0,1186,10.08,12.61,7.38,10.90,11,233.1,1400
   734.0,6538,2357,0,1186,16.26,12.62,11.89,10.90,11,233.3,1400
   735.0,6545,2350,0,1186,13.15,12.62,9.62,10.89,11,237.6,1400
   736.0,6553,2342,0,1186,11.32,12.61,8.28,10.89,11,234.7,1400
   737.0,6563,2332,0,1186,14.62,12.61,10.70,10.89,11,234.7,1400
   738.0,6573,2322,0,1186,15.47,12.61,11.32,10.89,11,237.5,1400
   739.0,6583,2312,0,1186,15.07,12.61,11.02,10.89,11,239.7,1400
   740.0,6591,2304,0,1190,14.91,12.61,13.32,10.89,11,243.0,1400
   741.0,6602,2293,0,1190,14.17,12.61,12.55,10.89,11,238.1,1400
   742.0,6606,2289,0,1193,10.81,12.62,9.49,10.88,11,233.5,1400
   743.0,6619,2276,0,1193,13.47,12.61,11.59,10.89,11,237.3,1400
   744.0,6622,2273,0,1195,11.08,12.61,9.12,10.88,11,236.4,1400
   745.0,6636,2259,0,1195,13.39,12.61,10.94,10.88,11,238.0,1400
   746.0,6642,2253,0,1195,13.86,12.60,10.14,10.87,11,236.8,1400
   747.0,6646,2249,0,1195,9.76,12.59,7.14,10.87,11,238.7,1400
   748.0,6652,2243,0,1195,10.28,12.59,7.52,10.86,11,237.5,1400
   749.0,6660,2235,0,1198,11.63,12.60,10.01,10.86,11,242.8,1400
   750.0,6668,2227,0,1198,11.14,12.58,9.67,10.85,11,240.1,1400
   751.0,6679,2216,0,1202,14.38,12.59,12.74,10.86,11,236.2,1400
   752.0,6691,2204,0,1202,17.41,12.59,14.95,10.86,11,234.6,1400
   753.0,6702,2193,0,1202,17.38,12.60,12.71,10.86,11,237.0,1400
   754.0,6709,2186,0,1203,13.63,12.59,10.52,10.86,11,239.5,1400
   755.0,6715,2180,0,1203,9.37,12.59,7.38,10.85,11,238.5,1400
   756.0,6719,2176,0,1203,8.30,12.57,6.06,10.84,11,240.4,1400
   757.0,6730,2165,0,1203,13.33,12.58,9.75,10.84,11,241.2,1400
   758.0,6730,2165,0,1205,8.36,12.58,7.23,10.83,11,239.7,1400
   759.0,6737,2158,0,1205,9.86,12.56,4.95,10.83,11,239.1,1400
   760.0,6747,2148,0,1205,11.80,12.56,8.63,10.82,11,235.8,1400
   761.0,6754,2141,0,1205,12.44,12.57,9.10,10.82,11,234.0,1400
   762.0,6758,2137,0,1205,7.54,12.54,5.51,10.81,11,234.4,1400
   763.0,6764,2131,0,1205,7.86,12.54,5.75,10.80,11,233.6,1400
   764.0,6773,2122,0,1205,12.79,12.54,9.35,10.80,11,236.7,1400
   765.0,6787,2108,0,1205,16.07,12.55,11.75,10.81,11,238.9,1400
   766.0,6792,2103,0,1209,13.90,12.54,12.31,10.80,11,238.3,1400
   767.0,6803,2092,0,1209,16.44,12.54,11.04,10.80,11,241.8,1400
   768.0,6810,2085,0,1209,14.61,12.55,10.69,10.80,11,241.0,1400
   769.0,6819,2076,0,1209,11.18,12.54,8.18,10.80,11,244.5,1400
   770.0,6827,2068,0,1209,11.73,12.54,8.58,10.79,11,234.4,1400
   771.0,6834,2061,0,1213,10.32,12.53,9.56,10.79,11,232.4,1400
   772.0,6843,2052,0,1213,14.63,12.53,11.14,10.79,11,234.9,1400
   773.0,6853,2042,0,1213,14.46,12.53,10.58,10.79,11,234.8,1400
   774.0,6859,2036,0,1213,12.73,12.53,9.31,10.78,11,239.5,1400
   775.0,6871,2024,0,1217,14.83,12.54,13.26,10.79,11,239.5,1400
   776.0,6883,2012,0,1217,17.53,12.54,14.96,10.79,11,243.3,1400
   777.0,6894,2001,0,1221,18.26,12.54,15.68,10.80,11,237.4,1400
   778.0,6897,1998,0,1221,10.21,12.54,9.93,10.79,11,235.2,1400
   779.0,6897,1998,0,1221,1.82,12.54,1.57,10.77,11,236.8,1400
   780.0,6897,1998,0,1221,0.00,12.54,0.00,10.76,11,238.1,1400
   781.0,6908,1987,0,1221,29.55,12.50,21.61,10.76,11,236.7,1400
   782.0,6912,1983,0,1223,13.61,12.49,11.28,10.75,11,239.3,1400
   783.0,6927,1968,0,1223,21.03,12.50,14.28,10.76,11,238.2,1400
   784.0,6934,1961,0,1227,15.46,12.50,13.37,10.76,11,238.1,1400
   785.0,6944,1951,0,1227,12.98,12.50,11.73,10.76,11,234.7,1400
   786.0,6954,1941,0,1227,14.27,12.50,10.44,10.76,11,232.4,1400
   787.0,6961,1934,0,1229,12.58,12.51,10.29,10.75,11,235.7,1400
   788.0,6970,1925,0,1229,11.35,12.50,9.34,10.75,11,235.2,1400
   789.0,6982,1913,0,1229,15.23,12.50,11.14,10.75,11,235.1,1400
   790.0,6993,1902,0,1229,17.20,12.51,12.58,10.75,11,238.4,1400
   791.0,6998,1897,0,1229,11.42,12.50,8.35,10.75,11,239.4,1400
   792.0,7009,1886,0,1233,14.50,12.50,13.25,10.75,11,242.5,1400
   793.0,7016,1879,0,1233,12.82,12.50,11.46,10.75,11,235.6,1400
   794.0,7020,1875,0,1233,8.50,12.49,6.21,10.74,11,236.4,1400
   795.0,7026,1869,0,1233,6.95,12.49,5.09,10.73,11,234.6,1400
   796.0,7034,1861,0,1233,9.98,12.48,7.30,10.73,11,235.2,1400
   797.0,7045,1850,0,1233,13.94,12.48,10.19,10.73,11,235.0,1400
   798.0,7053,1842,0,1233,15.27,12.49,11.17,10.72,11,237.4,1400
   799.0,7059,1836,0,1234,10.93,12.48,8.57,10.72,11,236.9,1400
   800.0,7069,1826,0,1234,13.80,12.48,8.89,10.72,11,239.7,1400
   801.0,7078,1817,0,1234,13.77,12.48,10.07,10.72,11,238.7,1400
   802.0,7087,1808,0,1234,13.40,12.48,9.80,10.71,11,241.4,1400
   803.0,7095,1800,0,1236,13.40,12.47,10.95,10.71,11,233.7,1400
   804.0,7100,1795,0,1236,9.99,12.47,8.43,10.71,11,236.0,1400
   805.0,7107,1788,0,1236,13.32,12.47,9.74,10.70,11,235.6,1400
   806.0,7119,1776,0,1236,15.33,12.47,11.21,10.70,11,240.6,1400
   807.0,7119,1776,0,1237,8.31,12.47,6.58,10.69,11,237.0,1400
   808.0,7126,1769,0,1237,12.33,12.45,5.64,10.69,11,237.8,1400
   809.0,7136,1759,0,1237,13.09,12.45,9.57,10.68,11,238.0,1400
   810.0,7147,1748,0,1237,16.76,12.46,12.26,10.69,11,241.1,1400
   811.0,7157,1738,0,1237,15.19,12.46,11.11,10.68,11,240.8,1400
   812.0,7167,1728,0,1237,13.80,12.46,10.09,10.68,11,234.9,1400
   813.0,7173,1722,0,1237,12.11,12.45,8.85,10.68,11,236.0,1400
   814.0,7184,1711,0,1240,13.76,12.46,11.84,10.68,11,233.9,1400
   815.0,7192,1703,0,1240,13.38,12.46,11.33,10.68,11,236.1,1400
   816.0,7202,1693,0,1240,14.43,12.46,10.55,10.68,11,236.2,1400
   817.0,7214,1681,0,1240,15.60,12.46,11.41,10.68,11,241.8,1400
   818.0,7229,1666,0,1240,20.29,12.47,14.84,10.68,11,243.5,1400
   819.0,7229,1666,0,1244,10.73,12.47,9.94,10.68,11,240.1,1400
   820.0,7236,1659,0,1244,12.41,12.45,6.67,10.67,11,241.7,1400
   821.0,7248,1647,0,1248,14.67,12.46,12.99,10.68,11,233.3,1400
   822.0,7258,1637,0,1248,16.26,12.46,14.05,10.68,11,236.1,1400
   823.0,7268,1627,0,1248,15.90,12.46,11.63,10.68,11,235.3,1400
   824.0,7274,1621,0,1248,12.59,12.46,9.21,10.67,11,234.6,1400
   825.0,7284,1611,0,1248,12.44,12.46,9.10,10.67,11,237.5,1400
   826.0,7299,1596,0,1248,17.23,12.46,12.60,10.68,11,237.7,1400
   827.0,7306,1589,0,1252,15.09,12.47,13.05,10.68,11,241.4,1400
   828.0,7316,1579,0,1252,13.37,12.46,12.08,10.67,11,241.7,1400
   829.0,7330,1565,0,1252,16.75,12.47,12.24,10.68,11,232.4,1400
   830.0,7337,1558,0,1256,14.42,12.47,12.55,10.68,11,237.9,1400
   831.0,7343,1552,0,1256,9.64,12.47,9.22,10.67,11,236.7,1400
   832.0,7352,1543,0,1256,11.15,12.47,8.15,10.67,11,239.5,1400
   833.0,7360,1535,0,1256,12.86,12.46,9.40,10.67,11,236.8,1400
   834.0,7366,1529,0,1256,11.61,12.46,8.49,10.66,11,239.3,1400
   835.0,7376,1519,0,1256,12.59,12.46,9.21,10.66,11,239.4,1400
   836.0,7387,1508,0,1256,15.58,12.46,11.39,10.66,11,239.1,1400
   837.0,7400,1495,0,1256,16.61,12.47,12.15,10.66,11,237.1,1400
   838.0,7404,1491,0,1259,11.97,12.46,10.30,10.66,11,233.3,1400
   839.0,7409,1486,0,1263,9.18,12.45,9.78,10.66,11,237.7,1400
   840.0,7419,1476,0,1263,15.25,12.45,9.59,10.66,11,235.1,1400
   841.0,7429,1466,0,1263,15.14,12.46,11.07,10.66,11,237.7,1400
   842.0,7438,1457,0,1263,14.40,12.45,10.53,10.65,11,237.6,1400
   843.0,7445,1450,0,1266,13.23,12.46,11.49,10.65,11,239.5,1400
   844.0,7451,1444,0,1266,9.79,12.45,8.82,10.65,11,241.5,1400
   845.0,7458,1437,0,1266,9.11,12.44,6.67,10.64,11,244.6,1400
   846.0,7465,1430,0,1269,13.09,12.44,11.63,10.64,11,237.8,1400
   847.0,7472,1423,0,1273,10.15,12.44,11.14,10.64,11,235.6,1400
   848.0,7482,1413,0,1273,13.31,12.43,12.03,10.64,11,235.9,1400
   849.0,7485,1410,0,1274,10.60,12.44,8.35,10.63,11,234.8,1400
   850.0,7494,1401,0,1274,9.21,12.42,7.29,10.63,11,237.6,1400
   851.0,7502,1393,0,1278,14.94,12.43,13.50,10.63,11,239.7,1400
   852.0,7513,1382,0,1278,13.99,12.43,12.39,10.63,11,240.6,1400
   853.0,7523,1372,0,1278,14.98,12.43,10.95,10.63,11,240.4,1400
   854.0,7523,1372,0,1279,7.51,12.43,6.04,10.62,11,241.0,1400
   855.0,7527,1368,0,1279,7.39,12.40,4.10,10.61,11,239.9,1400
   856.0,7528,1367,0,1279,3.93,12.39,2.87,10.60,11,243.8,1400
   857.0,7537,1358,0,1279,11.73,12.39,8.58,10.60,11,237.7,1400
   858.0,7548,1347,0,1279,14.64,12.40,10.71,10.60,11,236.9,1400
   859.0,7558,1337,0,1279,16.03,12.40,11.72,10.60,11,236.6,1400
   860.0,7569,1326,0,1279,15.65,12.40,11.45,10.60,11,237.3,1400
   861.0,7575,1320,0,1279,12.88,12.40,9.42,10.60,11,236.8,1400
   862.0,7584,1311,0,1279,13.28,12.39,9.72,10.59,11,239.0,1400
   863.0,7594,1301,0,1279,14.26,12.39,10.43,10.59,11,238.6,1400
   864.0,7600,1295,0,1279,12.48,12.39,9.13,10.59,11,243.4,1400
   865.0,7614,1281,0,1279,16.16,12.40,11.82,10.59,11,241.5,1400
   866.0,7621,1274,0,1282,15.86,12.40,13.26,10.59,11,234.5,1400
   867.0,7628,1267,0,1286,12.60,12.40,11.82,10.59,11,236.3,1400
   868.0,7643,1252,0,1286,16.31,12.40,14.10,10.60,11,236.1,1400
   869.0,7648,1247,0,1286,13.84,12.40,10.12,10.59,11,240.8,1400
   870.0,7652,1243,0,1286,7.68,12.39,5.61,10.58,11,238.8,1400
   871.0,7662,1233,0,1286,15.56,12.39,11.38,10.58,11,241.9,1400
   872.0,7672,1223,0,1286,15.30,12.39,11.19,10.58,11,241.5,1400
   873.0,7678,1217,0,1288,11.99,12.38,9.86,10.58,11,242.2,1400
   874.0,7684,1211,0,1288,11.89,12.38,8.36,10.57,11,242.9,1400
   875.0,7693,1202,0,1288,12.83,12.38,9.39,10.57,11,237.7,1400
   876.0,7701,1194,0,1288,12.82,12.38,9.38,10.57,11,236.5,1400
   877.0,7706,1189,0,1288,9.61,12.37,7.03,10.56,11,236.8,1400
   878.0,7716,1179,0,1288,11.06,12.37,8.09,10.56,11,236.2,1400
   879.0,7726,1169,0,1288,15.02,12.37,10.99,10.56,11,236.0,1400
   880.0,7732,1163,0,1288,12.76,12.37,9.33,10.55,11,238.6,1400
   881.0,7741,1154,0,1288,12.99,12.37,9.50,10.55,11,240.2,1400
   882.0,7751,1144,0,1288,13.19,12.38,9.65,10.55,11,243.7,1400
   883.0,7756,1139,0,1288,10.42,12.37,7.62,10.55,11,242.1,1400
   884.0,7768,1127,0,1292,14.74,12.37,13.32,10.55,11,239.6,1400
   885.0,7780,1115,0,1296,17.09,12.38,16.67,10.56,11,236.0,1400
   886.0,7788,1107,0,1296,14.97,12.38,13.14,10.55,11,234.6,1400
   887.0,7792,1103,0,1297,8.65,12.37,6.86,10.55,11,236.6,1400
   888.0,7795,1100,0,1301,5.87,12.36,6.37,10.54,11,239.2,1400
   889.0,7798,1097,0,1301,5.03,12.34,5.20,10.54,11,237.1,1400
   890.0,7806,1089,0,1305,14.89,12.35,14.85,10.54,11,243.4,1400
   891.0,7816,1079,0,1305,13.66,12.34,12.21,10.54,11,240.4,1400
   892.0,7824,1071,0,1307,12.51,12.35,10.17,10.54,11,242.2,1400
   893.0,7829,1066,0,1307,9.96,12.34,8.41,10.53,11,237.6,1400
   894.0,7843,1052,0,1307,15.11,12.34,11.05,10.53,11,234.1,1400
   895.0,7853,1042,0,1307,16.98,12.35,12.42,10.53,11,239.3,1400
   896.0,7864,1031,0,1310,17.03,12.35,14.23,10.54,11,241.8,1400
   897.0,7868,1027,0,1310,12.43,12.34,9.64,10.53,11,240.8,1400
   898.0,7878,1017,0,1310,13.59,12.34,9.94,10.53,11,240.4,1400
   899.0,7889,1006,0,1310,17.24,12.35,12.61,10.53,11,238.7,1400
   900.0,7896,999,0,1310,14.62,12.34,10.70,10.53,11,243.2,1400
   901.0,7901,994,0,1310,9.62,12.34,7.04,10.52,11,239.4,1400
   902.0,7909,986,0,1313,13.28,12.34,11.96,10.52,11,239.7,1400
   903.0,7918,977,0,1313,12.40,12.34,10.67,10.52,11,234.6,1400
   904.0,7929,966,0,1313,15.27,12.34,11.17,10.52,11,237.0,1400
   905.0,7937,958,0,1316,13.45,12.34,11.39,10.52,11,238.4,1400
   906.0,7947,948,0,1316,12.47,12.34,10.64,10.52,11,236.2,1400
   907.0,7959,936,0,1316,17.46,12.34,12.77,10.52,11,243.9,1400
   908.0,7965,930,0,1316,13.97,12.34,10.22,10.51,11,241.1,1400
   909.0,7974,921,0,1316,12.17,12.34,8.90,10.51,11,246.2,1400
   910.0,7985,910,0,1316,13.89,12.34,10.16,10.51,11,241.5,1400
   911.0,7997,898,0,1316,16.86,12.35,12.33,10.52,11,235.8,1400
   912.0,7999,896,0,1318,10.00,12.34,8.36,10.51,11,235.1,1400
   913.0,8008,887,0,1318,11.79,12.34,6.89,10.51,11,236.7,1400
   914.0,8014,881,0,1318,10.70,12.33,7.83,10.50,11,236.8,1400
   915.0,8022,873,0,1318,11.66,12.33,8.53,10.50,11,238.4,1400
   916.0,8035,860,0,1318,15.64,12.33,11.44,10.50,11,240.0,1400
   917.0,8046,849,0,1318,17.64,12.34,12.90,10.50,11,242.1,1400
   918.0,8053,842,0,1318,14.33,12.34,10.48,10.50,11,243.2,1400
   919.0,8063,832,0,1318,14.77,12.34,10.80,10.50,11,242.6,1400
   920.0,8073,822,0,1318,14.18,12.34,10.37,10.50,11,237.2,1400
   921.0,8083,812,0,1318,14.85,12.34,10.86,10.50,11,238.7,1400
   922.0,8094,801,0,1322,15.64,12.34,13.62,10.50,11,238.3,1400
   923.0,8100,795,0,1322,12.42,12.34,11.22,10.50,11,238.9,1400
   924.0,8105,790,0,1322,8.88,12.33,6.49,10.49,11,238.1,1400
   925.0,8115,780,0,1322,10.60,12.33,7.75,10.49,11,240.5,1400
   926.0,8126,769,0,1322,15.46,12.34,11.31,10.49,11,240.8,1400
   927.0,8136,759,0,1322,15.85,12.34,11.60,10.49,11,240.9,1400
   928.0,8146,749,0,1322,14.97,12.34,10.95,10.49,11,245.8,1400
   929.0,8153,742,0,1325,12.71,12.34,10.93,10.49,11,236.9,1400
   930.0,8160,735,0,1328,10.47,12.33,10.94,10.49,11,234.1,1400
   931.0,8160,735,0,1328,5.10,12.33,5.33,10.48,11,234.8,1400
   932.0,8166,729,0,1331,11.52,12.32,12.64,10.47,11,240.1,1400
   933.0,8176,719,0,1331,12.78,12.32,11.10,10.47,11,240.0,1400
   934.0,8183,712,0,1334,13.50,12.31,11.61,10.47,11,239.5,1400
   935.0,8195,700,0,1334,14.63,12.32,12.39,10.48,11,243.1,1400
   936.0,8206,689,0,1334,16.50,12.32,12.07,10.48,11,241.8,1400
   937.0,8213,682,0,1335,12.56,12.32,9.69,10.47,11,238.7,1400
   938.0,8224,671,0,1335,13.50,12.32,10.42,10.47,11,235.4,1400
   939.0,8227,668,0,1335,10.24,12.32,7.49,10.47,11,236.4,1400
   940.0,8232,663,0,1335,5.54,12.31,4.05,10.46,11,237.7,1400
   941.0,8241,654,0,1335,11.27,12.31,8.24,10.46,11,238.0,1400
   942.0,8251,644,0,1335,13.32,12.31,9.74,10.46,11,240.3,1400
   943.0,8260,635,0,1335,14.06,12.31,10.28,10.46,11,241.3,1400
   944.0,8269,626,0,1335,14.48,12.31,10.59,10.45,11,242.3,1400
   945.0,8280,615,0,1335,16.67,12.31,12.20,10.46,11,242.6,1400
   946.0,8287,608,0,1335,13.75,12.31,10.06,10.45,11,244.8,1400
   947.0,8296,599,0,1335,12.97,12.31,9.49,10.45,11,237.1,1400
   948.0,8305,590,0,1335,13.17,12.31,9.64,10.45,11,238.2,1400
   949.0,8319,576,0,1335,17.46,12.31,12.77,10.45,11,238.6,1400
   950.0,8319,576,0,1339,10.62,12.31,9.98,10.45,11,238.4,1400
   951.0,8319,576,0,1339,0.00,12.31,2.05,10.43,11,238.8,1400
   952.0,8319,576,0,1339,0.00,12.31,0.00,10.42,11,240.1,1400
   953.0,8327,568,0,1342,14.32,12.27,14.40,10.42,11,239.3,1400
   954.0,8335,560,0,1342,12.44,12.27,10.81,10.42,11,242.6,1400
   955.0,8349,546,0,1342,17.84,12.28,13.05,10.42,11,240.8,1400
   956.0,8354,541,0,1342,14.16,12.28,10.35,10.42,11,238.8,1400
   957.0,8365,530,0,1346,13.72,12.28,12.55,10.42,11,234.5,1400
   958.0,8365,530,0,1346,7.52,12.28,7.50,10.41,11,237.9,1400
   959.0,8376,519,0,1346,19.06,12.27,13.94,10.41,11,238.3,1400
   960.0,8380,515,0,1348,11.46,12.27,9.50,10.41,11,239.7,1400
   961.0,8390,505,0,1348,9.71,12.26,8.12,10.41,11,239.7,1400
   962.0,8402,493,0,1348,15.15,12.27,11.08,10.41,11,241.0,1400
   963.0,8404,491,0,1349,10.31,12.25,8.08,10.40,11,239.0,1400
   964.0,8409,486,0,1349,9.34,12.25,5.14,10.40,11,241.6,1400
   965.0,8421,474,0,1349,14.81,12.25,10.83,10.40,11,241.4,1400
   966.0,8433,462,0,1352,18.25,12.26,15.02,10.40,11,238.6,1400
   967.0,8445,450,0,1352,17.62,12.26,14.50,10.40,11,236.7,1400
   968.0,8456,439,0,1356,18.25,12.27,15.67,10.41,11,237.0,1400
   969.0,8460,435,0,1359,12.37,12.27,11.21,10.41,11,238.4,1400
   970.0,8475,420,0,1359,13.81,12.27,11.70,10.41,11,238.8,1400
   971.0,8479,416,0,1361,13.02,12.27,10.52,10.41,11,243.9,1400
   972.0,8491,404,0,1365,12.35,12.27,12.42,10.41,11,243.9,1400
   973.0,8497,398,0,1365,12.90,12.26,11.54,10.41,11,237.3,1400
   974.0,8507,388,0,1365,14.63,12.26,10.70,10.41,11,238.1,1400
   975.0,8518,377,0,1368,16.04,12.27,13.41,10.41,11,235.8,1400
   976.0,8526,369,0,1368,13.66,12.26,11.57,10.41,11,237.9,1400
   977.0,8537,358,0,1372,15.44,12.27,13.67,10.41,11,238.8,1400
   978.0,8547,348,0,1372,15.08,12.27,13.13,10.41,11,238.3,1400
   979.0,8555,340,0,1378,13.27,12.27,12.94,10.42,11,244.0,1400
   980.0,8566,329,0,1382,15.88,12.27,15.75,10.42,11,244.7,1400
   981.0,8578,317,0,1382,17.35,12.27,14.90,10.42,11,235.5,1400
   982.0,8585,310,0,1382,14.98,12.27,10.96,10.42,11,236.1,1400
   983.0,8591,304,0,1383,10.26,12.27,8.07,10.42,11,238.9,1400
   984.0,8597,298,0,1387,11.99,12.26,9.35,10.41,11,240.1,1400
   985.0,8603,292,0,1387,8.68,12.26,8.47,10.41,11,241.5,1400
   986.0,8612,283,0,1387,11.61,12.26,8.49,10.41,11,239.5,1400
   987.0,8615,280,0,1391,9.78,12.25,9.54,10.41,11,244.1,1400
   988.0,8620,275,0,1391,7.69,12.25,6.14,10.40,11,240.9,1400
   989.0,8631,264,0,1394,13.03,12.25,11.32,10.40,11,241.3,1400
   990.0,8641,254,0,1394,14.40,12.25,12.04,10.40,11,238.6,1400
   991.0,8656,239,0,1394,19.28,12.26,14.10,10.41,11,235.8,1400
   992.0,8659,236,0,1394,13.18,12.26,9.64,10.40,11,239.3,1400
   993.0,8667,228,0,1394,8.81,12.25,6.44,10.40,11,238.4,1400
   994.0,8678,217,0,1394,17.48,12.25,12.79,10.40,11,239.3,1400
   995.0,8685,210,0,1396,13.80,12.25,11.22,10.40,11,238.9,1400
   996.0,8696,199,0,1396,12.69,12.25,10.31,10.40,11,240.1,1400
   997.0,8706,189,0,1396,15.35,12.25,11.22,10.40,11,244.7,1400
   998.0,8710,185,0,1398,10.68,12.25,8.92,10.39,11,243.2,1400
   999.0,8722,173,0,1398,11.57,12.25,9.52,10.39,11,239.7,1400
  1000.0,8737,158,0,1398,19.29,12.26,14.11,10.40,11,238.0,1400
  1001.0,8748,147,0,1398,18.82,12.26,13.76,10.40,11,239.0,1400
  1002.0,8748,147,0,1402,8.67,12.26,8.65,10.39,11,240.6,1400
  1003.0,8748,147,0,1402,0.00,12.26,2.09,10.38,11,240.6,1400
  1004.0,8748,147,0,1402,0.00,12.26,0.00,10.37,11,240.6,1400
  1005.0,8754,141,0,1404,13.88,12.22,8.71,10.37,11,241.2,1400
  1006.0,8759,136,0,1404,9.45,12.21,6.78,10.36,11,241.4,1400
  1007.0,8767,128,0,1404,10.36,12.21,7.58,10.36,11,241.2,1400
  1008.0,8777,118,0,1404,13.78,12.21,10.08,10.36,11,246.3,1400
  1009.0,8786,109,0,1404,13.90,12.21,10.17,10.36,11,240.1,1400
  1010.0,8794,101,0,1404,12.05,12.21,8.81,10.36,11,239.8,1400
  1011.0,8808,87,0,1404,16.31,12.22,11.93,10.36,11,237.2,1400
  1012.0,8813,82,0,1408,13.91,12.21,12.32,10.36,11,238.7,1400
  1013.0,8820,75,0,1408,10.97,12.21,8.97,10.36,11,241.6,1400
  1014.0,8831,64,0,1408,15.23,12.21,11.13,10.36,11,241.5,1400
  1015.0,8837,58,0,1408,12.74,12.21,9.32,10.35,11,241.2,1400
  1016.0,8840,55,0,1408,6.96,12.20,5.09,10.34,11,242.5,1400
  1017.0,8846,49,0,1408,7.69,12.20,5.63,10.34,11,242.1,1400
  1018.0,8850,45,0,1413,8.49,12.19,9.32,10.34,11,244.8,1400
  1019.0,8852,43,0,1420,4.37,12.19,9.59,10.34,11,234.8,1400
  1020.0,8855,40,0,1426,3.50,12.17,9.21,10.34,11,239.3,1400
  1021.0,8858,37,0,1433,4.98,12.16,11.54,10.34,11,237.7,1400
  1022.0,8862,33,0,1439,5.56,12.16,11.61,10.34,11,240.3,1400
  1023.0,8865,30,0,1446,5.61,12.15,11.72,10.34,11,242.1,1400
  1024.0,8865,30,0,1453,2.49,12.15,10.33,10.33,11,244.6,1400
  1025.0,8871,24,0,1460,8.34,12.13,12.30,10.33,11,242.0,1400
  1026.0,8873,22,0,1467,5.51,12.12,11.08,10.33,11,245.0,1400
  1027.0,8874,21,0,1472,2.35,12.11,8.60,10.33,11,238.3,1400
  1028.0,8878,17,0,1477,5.71,12.11,9.25,10.33,11,235.3,1400
  1029.0,8883,12,0,1487,8.07,12.11,13.73,10.33,11,239.9,1400
  1030.0,8883,12,0,1487,3.61,12.11,7.91,10.32,11,239.8,1400
  1031.0,8883,12,0,1487,0.00,12.11,0.00,10.31,11,239.7,1400
  1032.0,8886,9,0,1487,16.41,12.07,12.00,10.30,11,238.6,1400
