QR-Stream run log
role: receiver
started: 2026-10-02T12:32:09.912594
duration: 105s

[device]
platform: android
osVersion: BP4A.251205.006.S948BXXS4AZHL
processors: 8
dartVersion: 3.10.4

[run]
fileName: (hidden).pdf
totalChunks: 232
transferId: 3100352760
payloadKind: file
chunkBytes: 1400

[events]
     0.0  run started
     3.5  end of round 22 seen (session 2305d391518a4031)
     3.5  round 22 summary: +1 new, 49 re-reads, 50 reads in 3.5s (14.4/s), 231 still missing
     5.2  relay push ok, rev 1
    17.4  end of round 23 seen (session 2305d391518a4031)
    17.4  round 23 summary: +60 new, 7 re-reads, 67 reads in 13.9s (4.8/s), 171 still missing
    18.9  relay push ok, rev 1
    28.9  end of round 24 seen (session 2305d391518a4031)
    28.9  round 24 summary: +61 new, 6 re-reads, 67 reads in 11.5s (5.8/s), 110 still missing
    30.8  relay push ok, rev 1
    36.5  end of round 25 seen (session 2305d391518a4031)
    36.5  round 25 summary: +29 new, 0 re-reads, 29 reads in 7.7s (3.8/s), 81 still missing
    38.3  relay push ok, rev 1
    42.9  end of round 26 seen (session 2305d391518a4031)
    42.9  round 26 summary: +24 new, 2 re-reads, 26 reads in 6.3s (4.1/s), 57 still missing
    44.7  relay push ok, rev 1
    48.2  end of round 27 seen (session 2305d391518a4031)
    48.2  round 27 summary: +18 new, 1 re-reads, 19 reads in 5.3s (3.6/s), 39 still missing
    50.1  relay push ok, rev 1
    52.8  end of round 28 seen (session 2305d391518a4031)
    52.8  round 28 summary: +11 new, 0 re-reads, 11 reads in 4.6s (2.4/s), 28 still missing
    54.6  relay push ok, rev 1
    56.9  end of round 29 seen (session 2305d391518a4031)
    56.9  round 29 summary: +3 new, 0 re-reads, 3 reads in 4.1s (0.7/s), 25 still missing
    58.6  relay push ok, rev 1
    60.8  end of round 30 seen (session 2305d391518a4031)
    60.8  round 30 summary: +7 new, 0 re-reads, 7 reads in 3.9s (1.8/s), 18 still missing
    63.6  relay push ok, rev 1
    66.8  end of round 31 seen (session 2305d391518a4031)
    66.8  round 31 summary: +4 new, 0 re-reads, 4 reads in 6.1s (0.7/s), 14 still missing
    69.1  relay push ok, rev 1
    70.2  end of round 32 seen (session 2305d391518a4031)
    70.2  round 32 summary: +4 new, 0 re-reads, 4 reads in 3.3s (1.2/s), 10 still missing
    72.0  relay push ok, rev 1
    73.2  end of round 33 seen (session 2305d391518a4031)
    73.2  round 33 summary: +2 new, 0 re-reads, 2 reads in 3.1s (0.7/s), 8 still missing
    75.0  relay push ok, rev 1
    76.3  end of round 34 seen (session 2305d391518a4031)
    76.3  round 34 summary: +2 new, 0 re-reads, 2 reads in 3.0s (0.7/s), 6 still missing
    78.6  relay push ok, rev 1
    79.2  end of round 35 seen (session 2305d391518a4031)
    79.2  round 35 summary: +1 new, 0 re-reads, 1 reads in 2.9s (0.3/s), 5 still missing
    81.0  relay push ok, rev 1
    82.1  end of round 36 seen (session 2305d391518a4031)
    82.1  round 36 summary: +2 new, 0 re-reads, 2 reads in 3.0s (0.7/s), 3 still missing
    84.0  relay push ok, rev 1
    84.9  end of round 37 seen (session 2305d391518a4031)
    84.9  round 37 summary: +0 new, 0 re-reads, 0 reads in 2.8s (0.0/s), 3 still missing
    86.7  relay push ok, rev 1
    87.7  end of round 38 seen (session 2305d391518a4031)
    87.7  round 38 summary: +0 new, 0 re-reads, 0 reads in 2.7s (0.0/s), 3 still missing
    89.3  relay push ok, rev 1
    90.5  end of round 39 seen (session 2305d391518a4031)
    90.5  round 39 summary: +0 new, 0 re-reads, 0 reads in 2.8s (0.0/s), 3 still missing
    92.3  relay push ok, rev 1
    93.2  end of round 40 seen (session 2305d391518a4031)
    93.2  round 40 summary: +0 new, 0 re-reads, 0 reads in 2.7s (0.0/s), 3 still missing
    95.1  relay push ok, rev 1
    96.1  end of round 41 seen (session 2305d391518a4031)
    96.1  round 41 summary: +0 new, 0 re-reads, 0 reads in 3.0s (0.0/s), 3 still missing
    98.0  relay push ok, rev 1
    98.7  end of round 42 seen (session 2305d391518a4031)
    98.7  round 42 summary: +2 new, 0 re-reads, 2 reads in 2.6s (0.8/s), 1 still missing
   100.6  relay push ok, rev 1
   101.4  end of round 43 seen (session 2305d391518a4031)
   101.4  round 43 summary: +0 new, 0 re-reads, 0 reads in 2.7s (0.0/s), 1 still missing
   103.5  relay push ok, rev 1
   104.1  complete: all 232 chunks received
   104.1  kept a copy at (path)
   105.9  relay push ok, rev 1
   105.9  session report sent

[samples] one row per second
t,received,missing,corrupt,dupes,liveKBps,avgKBps,decodesPerSec,avgDecodesPerSec,recommendedFps,rssMB,chunkBytesSeen
     1.0,1,231,0,3,1.37,0.00,4.00,4.00,0,234.0,1400
     2.0,1,231,0,13,0.00,0.00,9.05,7.00,0,234.6,1400
     3.0,1,231,0,38,0.00,0.00,25.51,13.00,0,246.9,1400
     4.0,1,231,0,49,0.00,0.00,18.05,12.50,0,233.6,1400
     5.0,1,231,0,49,0.00,0.00,5.73,10.00,0,259.9,1400
     6.0,1,231,0,49,0.00,0.00,0.00,8.33,0,255.6,1400
     7.0,1,231,0,49,0.00,0.00,0.00,7.14,0,232.0,1400
     8.0,1,231,0,49,0.00,0.00,0.00,6.25,0,234.1,1400
     9.0,5,227,0,49,5.66,0.78,4.14,6.00,6,250.1,1400
    10.0,13,219,0,50,8.34,1.78,6.61,6.30,6,236.1,1400
    11.0,23,209,0,50,15.58,2.87,12.03,6.64,6,237.8,1400
    12.0,30,202,0,51,12.04,3.48,9.33,6.75,7,224.3,1400
    13.0,31,201,0,51,5.65,3.52,4.65,6.31,7,211.8,1400
    14.0,36,196,0,51,4.18,3.52,3.06,6.21,6,211.2,1400
    15.0,42,190,0,54,10.90,3.85,10.14,6.40,6,214.0,1400
    16.0,48,184,0,56,9.67,4.15,8.53,6.50,6,218.3,1400
    17.0,56,176,0,56,9.83,4.51,8.22,6.59,6,219.0,1400
    18.0,61,171,0,56,8.66,4.75,6.67,6.50,6,231.9,1385
    19.0,61,171,0,56,3.24,4.75,2.72,6.16,6,231.4,1385
    20.0,61,171,0,56,0.00,4.75,0.00,5.85,6,238.6,1385
    21.0,69,163,0,57,13.07,4.50,10.75,6.00,6,231.7,1387
    22.0,74,158,0,58,9.68,4.60,8.17,6.00,6,230.9,1388
    23.0,87,145,0,59,12.64,5.14,10.27,6.35,6,233.5,1390
    24.0,97,135,0,59,15.64,5.54,11.73,6.50,6,239.9,1391
    25.0,104,128,0,59,11.86,5.65,8.67,6.52,6,208.5,1391
    26.0,106,126,0,59,6.26,5.71,4.58,6.35,6,211.8,1391
    27.0,108,124,0,60,2.80,5.46,2.56,6.22,6,216.9,1392
    28.0,118,114,0,62,14.16,5.74,12.94,6.43,6,217.4,1392
    29.0,122,110,0,62,9.66,5.78,8.07,6.34,6,222.6,1393
    30.0,122,110,0,62,3.34,5.78,2.45,6.13,6,241.7,1393
    31.0,122,110,0,62,0.00,5.78,0.00,5.94,6,237.4,1393
    32.0,126,106,0,62,9.89,5.36,7.22,5.87,6,239.2,1393
    33.0,131,101,0,62,7.92,5.40,5.80,5.85,6,230.2,1393
    34.0,134,98,0,62,5.59,5.38,4.09,5.76,6,231.4,1393
    35.0,143,89,0,62,8.62,5.57,6.30,5.86,6,237.0,1394
    36.0,146,86,0,62,8.21,5.53,6.00,5.78,6,238.7,1394
    37.0,151,81,0,62,6.66,5.63,4.87,5.76,6,217.1,1394
    38.0,151,81,0,62,3.46,5.63,2.53,5.61,6,235.5,1394
    39.0,151,81,0,62,0.00,5.63,0.00,5.46,6,229.3,1394
    40.0,156,76,0,63,10.30,5.34,9.04,5.47,6,223.9,1394
    41.0,162,70,0,63,9.04,5.42,7.21,5.49,6,220.8,1394
    42.0,168,64,0,64,9.40,5.51,7.45,5.52,6,222.9,1395
    43.0,175,57,0,64,9.43,5.56,7.43,5.56,6,230.5,1395
    44.0,175,57,0,64,5.60,5.56,4.10,5.43,6,241.4,1395
    45.0,175,57,0,64,0.00,5.56,0.00,5.31,6,239.8,1395
    46.0,178,54,0,64,9.18,5.28,6.71,5.26,6,246.4,1395
    47.0,185,47,0,64,9.45,5.37,6.91,5.30,6,236.7,1395
    48.0,192,40,0,65,9.97,5.45,7.81,5.35,6,242.9,1395
    49.0,193,39,0,65,6.08,5.48,5.01,5.27,6,229.7,1395
    50.0,193,39,0,65,0.69,5.48,0.51,5.16,6,235.3,1395
    51.0,195,37,0,65,10.94,5.21,8.00,5.10,5,235.0,1395
    52.0,201,31,0,65,9.87,5.28,7.22,5.12,5,224.3,1396
    53.0,204,28,0,65,6.32,5.31,4.62,5.08,5,231.5,1396
    54.0,204,28,0,65,2.30,5.31,1.68,4.98,5,241.6,1396
    55.0,204,28,0,65,0.00,5.31,0.00,4.89,5,244.4,1396
    56.0,204,28,0,65,0.00,5.31,0.00,4.80,5,242.4,1396
    57.0,207,25,0,65,4.96,4.98,3.63,4.77,5,241.3,1396
    58.0,207,25,0,65,2.24,4.98,1.64,4.69,5,247.6,1396
    59.0,207,25,0,65,0.00,4.98,0.00,4.61,5,257.9,1396
    60.0,210,22,0,65,8.49,4.78,6.21,4.58,5,255.6,1396
    61.0,214,18,0,65,6.45,4.83,4.72,4.57,5,225.1,1396
    62.0,214,18,0,65,2.83,4.83,2.07,4.50,5,234.3,1396
    63.0,214,18,0,65,0.00,4.83,0.00,4.43,5,230.6,1396
    64.0,214,18,0,65,0.00,4.83,0.00,4.36,5,239.9,1396
    65.0,214,18,0,65,0.00,4.83,0.00,4.29,5,234.2,1396
    66.0,214,18,0,65,0.00,4.83,0.00,4.23,5,242.7,1396
    67.0,218,14,0,65,5.56,4.46,4.07,4.22,4,237.8,1396
    68.0,218,14,0,65,2.76,4.46,2.02,4.16,4,246.7,1396
    69.0,218,14,0,65,0.00,4.46,0.00,4.10,4,243.3,1396
    70.0,221,11,0,65,8.20,4.31,5.99,4.09,4,247.4,1396
    71.0,222,10,0,65,3.64,4.32,2.66,4.04,4,251.5,1396
    72.0,222,10,0,65,0.70,4.32,0.51,3.99,4,252.5,1396
    73.0,223,9,0,65,5.47,4.17,4.00,3.95,4,255.8,1396
    74.0,224,8,0,65,2.68,4.18,1.96,3.91,4,224.9,1396
    75.0,224,8,0,65,0.70,4.18,0.51,3.85,4,237.3,1396
    76.0,225,7,0,65,5.47,4.04,4.00,3.82,4,233.7,1396
    77.0,226,6,0,65,2.63,4.05,1.92,3.78,4,236.1,1396
    78.0,226,6,0,65,0.70,4.05,0.51,3.73,4,238.4,1396
    79.0,226,6,0,65,0.00,4.05,0.00,3.68,4,242.2,1396
    80.0,227,5,0,65,1.55,3.91,1.13,3.65,4,244.2,1396
    81.0,227,5,0,65,0.73,3.91,0.53,3.60,4,244.9,1396
    82.0,229,3,0,65,10.94,3.81,8.00,3.59,4,249.4,1396
    83.0,229,3,0,65,2.27,3.81,1.66,3.54,4,250.9,1396
    84.0,229,3,0,65,0.00,3.81,0.00,3.50,4,255.7,1396
    85.0,229,3,0,65,0.00,3.81,0.00,3.46,4,258.6,1396
    86.0,229,3,0,65,0.00,3.81,0.00,3.42,4,219.6,1396
    87.0,229,3,0,65,0.00,3.81,0.00,3.38,4,227.8,1396
    88.0,229,3,0,65,0.00,3.81,0.00,3.34,4,228.3,1396
    89.0,229,3,0,65,0.00,3.81,0.00,3.30,4,238.4,1396
    90.0,229,3,0,65,0.00,3.81,0.00,3.27,4,240.8,1396
    91.0,229,3,0,65,0.00,3.81,0.00,3.23,4,243.2,1396
    92.0,229,3,0,65,0.00,3.81,0.00,3.20,4,240.9,1396
    93.0,229,3,0,65,0.00,3.81,0.00,3.16,4,242.2,1396
    94.0,229,3,0,65,0.00,3.81,0.00,3.13,4,244.6,1396
    95.0,229,3,0,65,0.00,3.81,0.00,3.09,4,248.8,1396
    96.0,229,3,0,65,0.00,3.81,0.00,3.06,4,252.3,1396
    97.0,229,3,0,65,0.00,3.81,0.00,3.03,4,253.6,1396
    98.0,229,3,0,65,0.00,3.81,0.00,3.00,4,256.7,1396
    99.0,231,1,0,65,6.48,3.19,4.74,2.99,3,227.5,1396
   100.0,231,1,0,65,1.92,3.19,1.41,2.96,3,239.1,1396
   101.0,231,1,0,65,0.00,3.19,0.00,2.93,3,238.1,1396
   102.0,231,1,0,65,0.00,3.19,0.00,2.90,3,233.9,1396
   103.0,231,1,0,65,0.00,3.19,0.00,2.87,3,238.4,1396
   104.0,231,1,0,65,0.00,3.19,0.00,2.85,3,237.2,1396
