QR-Stream run log
role: receiver
started: 2026-10-04T00:09:56.948678
duration: 840s

[device]
platform: android
osVersion: BP4A.251205.006.A175FXXS6CZG1
processors: 8
dartVersion: 3.10.4

[run]
fileName: (hidden).mp4
totalChunks: 8895
transferId: 2084391049
payloadKind: file
chunkBytes: 1400

[events]
     0.0  run started
     0.0  HEL #0 seen (session 23c17c6682c8faa3)
     0.0  HEL #0 summary: +0 new, 0 re-reads, 0 reads in 0.0s (0.0/s), 8895 still missing
    16.9  start tapped: 0 of 8895 held; camera 13/s kept (loaded 13/s), start code read at 22/s
    18.3  relay push ok: hel #0, rev 1
    70.9  CHK #1 seen (session 23c17c6682c8faa3)
    70.9  CHK #1 summary: +545 new, 21 re-reads, 566 reads in 50.1s (11.3/s), 8350 still missing
    72.2  relay push ok: chk #1, rev 2
   133.9  CHK #2 seen (session 23c17c6682c8faa3)
   133.9  CHK #2 summary: +701 new, 8 re-reads, 709 reads in 59.2s (12.0/s), 7649 still missing
   135.3  relay push ok: chk #2, rev 3
   264.8  CHK #3 seen (session 23c17c6682c8faa3)
   264.8  CHK #3 summary: +1494 new, 12 re-reads, 1506 reads in 127.2s (11.8/s), 6155 still missing
   266.3  relay push ok: chk #3, rev 4
   521.2  CHK #4 seen (session 23c17c6682c8faa3)
   521.2  CHK #4 summary: +2976 new, 5 re-reads, 2981 reads in 254.1s (11.7/s), 3179 still missing
   522.6  relay push ok: chk #4, rev 5
   551.5  END #5 seen (session 23c17c6682c8faa3)
   551.5  round 1 summary: +319 new, 6 re-reads, 325 reads in 26.4s (12.3/s), 2860 still missing
   552.6  relay push ok: end #5, rev 6
   716.8  END #6 seen (session 23c17c6682c8faa3)
   716.8  round 2 summary: +1798 new, 11 re-reads, 1809 reads in 160.2s (11.3/s), 1062 still missing
   718.4  relay push ok: end #6, rev 7
   799.1  END #7 seen (session 23c17c6682c8faa3)
   799.1  round 3 summary: +834 new, 60 re-reads, 894 reads in 78.1s (11.5/s), 228 still missing
   800.5  relay push ok: end #7, rev 8
   817.1  END #8 seen (session 23c17c6682c8faa3)
   817.1  round 4 summary: +153 new, 5 re-reads, 158 reads in 14.9s (10.6/s), 75 still missing
   818.3  relay push ok: end #8, rev 9
   839.5  complete: all 8895 chunks received
   839.5  camera rate kept for next time: 12/s
   839.5  summary: 11.88 MB in 818.6s = 14.9 KB/s
   839.6  camera rate saved: 12/s
   839.6  kept a copy at (path)
   841.0  relay push ok: done #0, rev 10
   841.0  session report sent

[samples] one row per second
t,received,missing,corrupt,dupes,liveKBps,avgKBps,decodesPerSec,avgDecodesPerSec,recommendedFps,rssMB,chunkBytesSeen
     1.0,0,8895,0,0,0.00,0.00,0.00,0.00,0,219.7,0
     2.0,0,8895,0,0,0.00,0.00,0.00,0.00,0,218.5,0
     3.0,0,8895,0,0,0.00,0.00,0.00,0.00,0,220.2,0
     4.0,0,8895,0,0,0.00,0.00,0.00,0.00,0,221.9,0
     5.0,0,8895,0,0,0.00,0.00,0.00,0.00,0,227.0,0
     6.0,0,8895,0,0,0.00,0.00,0.00,0.00,0,227.3,0
     7.0,0,8895,0,0,0.00,0.00,0.00,0.00,0,228.3,0
     8.0,0,8895,0,0,0.00,0.00,0.00,0.00,0,229.5,0
     9.0,0,8895,0,0,0.00,0.00,0.00,0.00,0,221.3,0
    10.0,0,8895,0,0,0.00,0.00,0.00,0.00,0,219.7,0
    11.0,0,8895,0,0,0.00,0.00,0.00,0.00,0,218.8,0
    12.0,0,8895,0,0,0.00,0.00,0.00,0.00,0,220.9,0
    13.0,0,8895,0,0,0.00,0.00,0.00,0.00,0,223.0,0
    14.0,0,8895,0,0,0.00,0.00,0.00,0.00,0,222.2,0
    15.0,0,8895,0,0,0.00,0.00,0.00,0.00,0,220.9,0
    16.0,0,8895,0,0,0.00,0.00,0.00,0.00,0,222.4,0
    17.0,0,8895,0,0,0.00,0.00,0.00,0.00,0,222.9,0
    18.0,0,8895,0,0,0.00,0.00,0.00,0.00,0,225.3,0
    19.0,0,8895,0,0,0.00,0.00,0.00,0.00,0,225.4,0
    20.0,0,8895,0,0,0.00,0.00,0.00,0.00,0,219.3,0
    21.0,3,8892,0,0,16.41,0.00,12.00,21.13,0,217.0,1400
    22.0,12,8883,0,0,14.38,15.12,10.51,10.51,0,218.7,1400
    23.0,24,8871,0,0,14.88,17.98,10.89,11.20,0,219.8,1400
    24.0,29,8866,0,0,12.52,15.17,9.15,9.23,0,221.3,1400
    25.0,35,8860,0,0,7.67,11.70,5.61,8.45,8,223.8,1400
    26.0,47,8848,0,0,15.18,13.16,11.10,9.14,9,221.7,1400
    27.0,58,8837,0,0,17.45,13.13,12.76,9.43,9,222.0,1400
    28.0,74,8821,0,0,19.33,14.43,14.14,10.36,10,227.9,1400
    29.0,85,8810,0,0,20.38,14.62,14.91,10.44,10,218.9,1400
    30.0,101,8794,0,0,20.41,15.43,14.93,11.05,11,217.8,1400
    31.0,112,8783,0,0,18.78,15.40,13.73,11.04,11,220.3,1400
    32.0,127,8768,0,0,18.81,15.64,13.76,11.40,11,222.7,1400
    33.0,135,8760,0,0,16.82,15.76,12.31,11.12,11,222.4,1400
    34.0,153,8742,0,0,20.29,15.93,14.84,11.64,11,224.8,1400
    35.0,164,8731,0,0,20.05,16.18,14.67,11.60,12,221.8,1400
    36.0,180,8715,0,0,22.32,16.48,16.32,11.89,12,220.3,1400
    37.0,191,8704,0,0,18.76,16.43,13.72,11.83,12,223.5,1400
    38.0,202,8693,0,0,15.80,16.39,11.55,11.78,12,223.3,1400
    39.0,213,8682,0,0,15.78,16.32,11.54,11.74,12,221.0,1400
    40.0,221,8674,0,0,13.14,15.90,9.61,11.55,12,223.1,1400
    41.0,231,8664,0,0,14.82,15.76,10.84,11.47,12,222.6,1400
    42.0,242,8653,0,0,15.60,15.79,11.41,11.45,12,226.1,1400
    43.0,256,8639,0,0,19.62,15.82,14.35,11.56,12,221.2,1400
    44.0,268,8627,0,0,17.87,16.01,13.07,11.58,12,221.2,1400
    45.0,280,8615,0,0,19.13,15.87,13.99,11.60,12,222.8,1400
    46.0,291,8604,0,0,16.67,15.97,12.20,11.57,12,220.8,1400
    47.0,304,8591,0,0,19.23,15.90,14.07,11.63,12,223.8,1400
    48.0,308,8587,0,0,12.32,15.56,9.00,11.35,12,216.7,1400
    49.0,323,8572,0,0,15.35,15.74,11.23,11.48,12,220.2,1400
    50.0,327,8568,0,0,14.82,15.40,10.84,11.22,11,216.7,1400
    51.0,342,8553,0,0,23.55,15.57,17.23,11.35,11,214.6,1400
    52.0,353,8542,0,0,18.66,15.58,13.65,11.34,11,211.5,1400
    53.0,364,8531,0,4,17.36,15.63,15.00,11.45,11,214.5,1400
    54.0,375,8520,0,4,15.72,15.59,13.59,11.44,11,214.4,1400
    55.0,384,8511,0,4,15.47,15.43,11.31,11.36,11,214.1,1400
    56.0,391,8504,0,8,11.24,15.34,10.28,11.35,11,216.8,1400
    57.0,406,8489,0,8,15.43,15.38,13.34,11.45,11,219.2,1400
    58.0,418,8477,0,8,18.90,15.51,13.82,11.47,11,211.5,1400
    59.0,428,8467,0,8,17.14,15.40,12.54,11.43,11,212.6,1400
    60.0,434,8461,0,8,11.60,15.29,8.48,11.29,11,213.8,1400
    61.0,446,8449,0,8,13.27,15.24,9.70,11.31,11,216.7,1400
    62.0,462,8433,0,12,20.82,15.36,17.40,11.52,11,217.2,1400
    63.0,472,8423,0,12,19.15,15.32,16.16,11.48,11,215.0,1400
    64.0,487,8408,0,12,18.62,15.44,13.62,11.57,11,218.3,1400
    65.0,495,8400,0,15,17.55,15.40,14.51,11.55,11,212.5,1400
    66.0,500,8395,0,15,9.95,15.29,8.95,11.41,11,212.2,1400
    67.0,509,8386,0,15,9.75,15.18,7.13,11.36,11,212.8,1400
    68.0,517,8378,0,15,12.00,15.05,8.78,11.29,11,216.0,1400
    69.0,525,8370,0,17,12.75,15.15,10.49,11.26,11,213.2,1400
    70.0,534,8361,0,21,11.77,14.88,11.65,11.29,11,216.1,1400
    71.0,545,8350,0,21,16.51,14.90,14.49,11.29,11,221.6,1400
    72.0,545,8350,0,21,8.53,14.90,6.24,11.07,11,219.1,1400
    73.0,545,8350,0,21,0.00,14.90,0.00,10.85,11,222.3,1400
    74.0,545,8350,0,21,0.00,14.90,0.00,10.65,11,220.5,1400
    75.0,549,8346,0,21,21.88,13.92,16.00,10.53,11,215.0,1400
    76.0,565,8330,0,21,22.18,14.03,16.22,10.63,11,212.5,1400
    77.0,570,8325,0,21,14.56,13.93,10.65,10.53,11,215.1,1400
    78.0,582,8313,0,21,13.79,13.95,10.09,10.55,11,213.0,1400
    79.0,592,8303,0,21,16.33,14.01,11.94,10.54,11,215.7,1400
    80.0,601,8294,0,21,14.23,13.93,10.40,10.52,11,215.2,1400
    81.0,616,8279,0,21,16.56,14.01,12.12,10.59,11,216.6,1400
    82.0,632,8263,0,21,22.54,14.14,16.49,10.68,11,219.2,1400
    83.0,636,8259,0,21,15.18,14.00,11.10,10.57,11,214.3,1400
    84.0,648,8247,0,21,14.81,14.06,10.83,10.59,11,215.2,1400
    85.0,664,8231,0,21,22.06,14.17,16.14,10.68,11,215.4,1400
    86.0,680,8215,0,21,23.14,14.28,16.92,10.76,11,215.7,1400
    87.0,692,8203,0,21,20.73,14.35,15.16,10.78,11,219.0,1400
    88.0,704,8191,0,21,17.66,14.42,12.92,10.80,11,216.0,1400
    89.0,717,8178,0,21,17.11,14.41,12.51,10.83,11,216.4,1400
    90.0,732,8163,0,21,20.75,14.48,15.18,10.89,11,213.8,1400
    91.0,741,8154,0,21,18.30,14.45,13.39,10.86,11,210.8,1400
    92.0,753,8142,0,21,16.00,14.50,11.71,10.88,11,213.2,1400
    93.0,765,8130,0,21,17.94,14.56,13.12,10.90,11,213.6,1400
    94.0,775,8120,0,21,16.38,14.53,11.98,10.88,11,216.0,1400
    95.0,785,8110,0,21,14.21,14.52,10.40,10.87,11,216.4,1400
    96.0,801,8094,0,21,19.94,14.60,14.58,10.94,11,218.8,1400
    97.0,813,8082,0,21,19.72,14.64,14.43,10.95,11,216.1,1400
    98.0,817,8078,0,21,12.15,14.53,8.89,10.86,11,212.5,1400
    99.0,826,8069,0,21,11.24,14.46,8.22,10.84,11,214.7,1400
   100.0,841,8054,0,21,18.04,14.53,13.19,10.89,11,213.2,1400
   101.0,843,8052,0,21,12.78,14.48,9.35,10.78,11,215.0,1400
   102.0,851,8044,0,21,8.93,14.36,6.53,10.75,11,214.7,1400
   103.0,861,8034,0,21,12.78,14.34,9.35,10.74,11,217.5,1400
   104.0,868,8027,0,21,13.13,14.37,9.60,10.69,11,216.4,1400
   105.0,881,8014,0,21,14.92,14.34,10.91,10.72,11,220.1,1400
   106.0,896,7999,0,21,20.01,14.39,14.64,10.77,11,214.0,1400
   107.0,904,7991,0,25,16.96,14.37,14.56,10.78,11,210.8,1400
   108.0,916,7979,0,25,15.02,14.43,13.18,10.80,11,213.6,1400
   109.0,929,7966,0,25,18.53,14.43,13.54,10.82,11,214.3,1400
   110.0,936,7959,0,25,15.13,14.44,11.06,10.78,11,217.8,1400
   111.0,949,7946,0,25,15.25,14.42,11.15,10.81,11,218.3,1400
   112.0,960,7935,0,25,16.60,14.43,12.13,10.81,11,218.0,1400
   113.0,975,7920,0,25,18.88,14.49,13.81,10.85,11,222.3,1400
   114.0,980,7915,0,25,13.82,14.42,10.10,10.79,11,213.6,1400
   115.0,995,7900,0,25,17.98,14.48,13.15,10.83,11,210.9,1400
   116.0,1010,7885,0,25,20.59,14.55,15.06,10.88,11,214.3,1400
   117.0,1025,7870,0,25,20.73,14.58,15.16,10.92,11,214.3,1400
   118.0,1036,7859,0,25,18.70,14.60,13.68,10.92,11,217.3,1400
   119.0,1046,7849,0,25,17.03,14.60,12.46,10.91,11,216.1,1400
   120.0,1062,7833,0,25,18.96,14.67,13.87,10.96,11,219.1,1400
   121.0,1074,7821,0,25,19.62,14.68,14.34,10.97,11,213.5,1400
   122.0,1090,7805,0,25,21.28,14.75,15.56,11.02,11,214.9,1400
   123.0,1106,7789,0,25,23.65,14.81,17.30,11.07,11,217.3,1400
   124.0,1117,7778,0,25,19.51,14.83,14.27,11.07,11,218.1,1400
   125.0,1132,7763,0,25,21.57,14.89,15.78,11.11,11,218.5,1400
   126.0,1148,7747,0,25,22.56,14.95,16.50,11.16,11,219.1,1400
   127.0,1157,7738,0,25,17.28,14.92,12.64,11.14,11,221.7,1400
   128.0,1169,7726,0,25,14.68,14.97,10.74,11.14,11,212.4,1400
   129.0,1177,7718,0,25,14.41,14.91,10.54,11.11,11,211.0,1400
   130.0,1193,7702,0,25,17.45,14.97,12.77,11.16,11,214.9,1400
   131.0,1209,7686,0,25,23.01,15.04,16.83,11.20,11,215.3,1400
   132.0,1223,7672,0,25,20.97,15.05,15.34,11.23,11,216.2,1400
   133.0,1235,7660,0,25,17.95,15.08,13.13,11.24,11,216.1,1400
   134.0,1246,7649,0,29,17.46,15.08,14.99,11.27,11,215.5,1400
   135.0,1246,7649,0,29,7.95,15.08,7.93,11.17,11,215.1,1400
   136.0,1246,7649,0,29,0.00,15.08,0.00,11.07,11,214.7,1400
   137.0,1246,7649,0,29,0.00,15.08,0.00,10.98,11,216.0,1400
   138.0,1254,7641,0,29,28.26,14.66,20.67,10.95,11,214.9,1400
   139.0,1265,7630,0,29,18.73,14.64,13.70,10.95,11,216.8,1400
   140.0,1281,7614,0,29,19.60,14.71,14.34,11.00,11,215.6,1400
   141.0,1292,7603,0,29,20.63,14.74,15.09,11.00,11,219.4,1400
   142.0,1308,7587,0,29,19.90,14.77,14.56,11.04,11,219.5,1400
   143.0,1324,7571,0,29,22.36,14.84,16.35,11.08,11,212.6,1400
   144.0,1339,7556,0,29,23.03,14.87,16.85,11.11,11,211.3,1400
   145.0,1355,7540,0,29,23.43,14.94,17.14,11.15,11,215.3,1400
   146.0,1370,7525,0,29,23.47,14.98,17.17,11.18,11,217.8,1400
   147.0,1380,7515,0,29,17.35,14.98,12.69,11.17,11,215.0,1400
   148.0,1392,7503,0,29,18.59,15.00,13.60,11.18,11,220.2,1400
   149.0,1404,7491,0,29,17.86,15.02,13.06,11.18,11,214.5,1400
   150.0,1420,7475,0,29,19.37,15.07,14.17,11.22,11,213.2,1400
   151.0,1428,7467,0,30,16.60,15.01,12.65,11.20,11,216.3,1400
   152.0,1443,7452,0,30,18.50,15.05,14.12,11.23,11,214.1,1400
   153.0,1455,7440,0,30,20.63,15.08,15.09,11.24,11,216.8,1400
   154.0,1471,7424,0,30,21.06,15.13,15.40,11.27,11,217.7,1400
   155.0,1483,7412,0,30,19.91,15.16,14.56,11.28,11,217.5,1400
   156.0,1499,7396,0,30,19.29,15.18,14.11,11.31,11,215.3,1400
   157.0,1511,7384,0,34,19.66,15.19,16.44,11.35,11,213.3,1400
   158.0,1527,7368,0,34,22.53,15.24,16.75,11.38,11,213.9,1400
   159.0,1538,7357,0,34,19.61,15.24,14.35,11.38,11,216.5,1400
   160.0,1553,7342,0,34,19.72,15.28,14.42,11.41,11,217.1,1400
   161.0,1565,7330,0,34,18.87,15.30,13.80,11.41,11,219.1,1400
   162.0,1576,7319,0,34,16.34,15.29,11.95,11.41,11,222.3,1400
   163.0,1591,7304,0,34,18.49,15.32,13.53,11.43,11,214.8,1400
   164.0,1600,7295,0,34,16.42,15.30,12.01,11.42,11,214.0,1400
   165.0,1616,7279,0,34,17.48,15.36,12.79,11.45,11,215.3,1400
   166.0,1628,7267,0,37,19.19,15.34,15.54,11.47,11,215.4,1400
   167.0,1643,7252,0,37,18.93,15.38,15.38,11.50,11,215.8,1400
   168.0,1659,7236,0,37,22.73,15.43,16.62,11.53,11,219.8,1400
   169.0,1664,7231,0,37,15.15,15.39,11.08,11.48,11,218.4,1400
   170.0,1680,7215,0,37,15.38,15.42,11.25,11.51,11,212.6,1400
   171.0,1694,7201,0,37,20.96,15.44,15.33,11.53,11,214.4,1400
   172.0,1710,7185,0,37,21.52,15.48,15.74,11.56,11,217.0,1400
   173.0,1722,7173,0,37,20.92,15.50,15.30,11.56,11,217.6,1400
   174.0,1733,7162,0,37,16.11,15.49,11.78,11.56,11,219.4,1400
   175.0,1749,7146,0,37,18.62,15.53,13.62,11.59,11,219.7,1400
   176.0,1758,7137,0,37,17.15,15.51,12.54,11.57,11,222.1,1400
   177.0,1774,7121,0,37,20.52,15.53,15.01,11.60,11,212.6,1400
   178.0,1785,7110,0,37,18.77,15.54,13.73,11.59,11,212.0,1400
   179.0,1797,7098,0,37,17.79,15.55,13.01,11.60,11,215.8,1400
   180.0,1806,7089,0,37,15.54,15.53,11.37,11.58,11,215.3,1400
   181.0,1821,7074,0,37,17.96,15.55,13.14,11.60,11,220.3,1400
   182.0,1831,7064,0,37,17.95,15.55,13.13,11.59,11,218.3,1400
   183.0,1836,7059,0,37,11.89,15.49,8.70,11.55,11,217.2,1400
   184.0,1847,7048,0,37,12.34,15.50,9.02,11.55,11,220.2,1400
   185.0,1857,7038,0,37,15.11,15.50,11.05,11.54,11,214.7,1400
   186.0,1866,7029,0,37,13.52,15.45,9.89,11.52,11,216.3,1400
   187.0,1873,7022,0,37,11.14,15.47,8.15,11.50,11,215.8,1400
   188.0,1882,7013,0,37,11.75,15.42,8.60,11.48,11,218.2,1400
   189.0,1891,7004,0,37,13.29,15.39,9.72,11.47,11,218.0,1400
   190.0,1902,6993,0,37,15.43,15.41,11.29,11.46,11,219.0,1400
   191.0,1908,6987,0,37,11.74,15.34,8.59,11.43,11,217.9,1400
   192.0,1920,6975,0,37,12.80,15.36,9.37,11.43,11,218.2,1400
   193.0,1930,6965,0,37,15.89,15.35,11.62,11.43,11,214.5,1400
   194.0,1939,6956,0,37,13.25,15.33,9.69,11.41,11,213.7,1400
   195.0,1953,6942,0,37,16.18,15.34,11.83,11.43,11,217.4,1400
   196.0,1964,6931,0,37,17.72,15.35,12.96,11.42,11,215.1,1400
   197.0,1975,6920,0,37,18.56,15.36,13.57,11.42,11,215.0,1400
   198.0,1989,6906,0,37,17.31,15.37,12.66,11.44,11,218.6,1400
   199.0,1994,6901,0,37,13.27,15.33,9.70,11.40,11,219.4,1400
   200.0,2003,6892,0,37,10.25,15.30,7.50,11.39,11,221.9,1400
   201.0,2014,6881,0,37,13.84,15.30,10.12,11.39,11,216.3,1400
   202.0,2029,6866,0,37,19.63,15.32,14.36,11.41,11,212.4,1400
   203.0,2040,6855,0,37,18.26,15.33,13.35,11.40,11,214.8,1400
   204.0,2047,6848,0,37,13.49,15.32,9.87,11.38,11,208.9,1400
   205.0,2056,6839,0,37,11.96,15.28,8.75,11.37,11,211.9,1400
   206.0,2076,6819,0,37,20.14,15.33,14.73,11.41,11,212.7,1400
   207.0,2086,6809,0,37,20.62,15.33,15.08,11.41,11,214.8,1400
   208.0,2098,6797,0,37,18.13,15.33,13.25,11.41,11,216.2,1400
   209.0,2113,6782,0,37,21.23,15.36,15.53,11.43,11,212.0,1400
   210.0,2125,6770,0,41,21.21,15.36,17.82,11.45,11,210.4,1400
   211.0,2137,6758,0,41,17.95,15.38,15.32,11.45,11,211.8,1400
   212.0,2156,6739,0,41,24.57,15.43,17.97,11.49,11,214.7,1400
   213.0,2167,6728,0,41,20.78,15.44,15.20,11.49,11,214.5,1400
   214.0,2179,6716,0,41,17.95,15.44,13.13,11.49,11,217.4,1400
   215.0,2194,6701,0,41,19.75,15.46,14.45,11.51,11,212.0,1400
   216.0,2210,6685,0,41,21.56,15.49,15.77,11.54,11,207.8,1400
   217.0,2216,6679,0,41,17.22,15.47,12.59,11.51,11,210.0,1400
   218.0,2225,6670,0,41,12.66,15.43,9.26,11.49,11,211.1,1400
   219.0,2241,6654,0,41,17.10,15.46,12.51,11.52,11,212.7,1400
   220.0,2253,6642,0,41,22.03,15.48,16.11,11.52,11,213.0,1400
   221.0,2264,6631,0,41,17.70,15.47,12.94,11.52,11,212.3,1400
   222.0,2273,6622,0,41,15.47,15.46,11.32,11.50,11,215.4,1400
   223.0,2284,6611,0,41,14.89,15.47,10.89,11.50,11,208.5,1400
   224.0,2291,6604,0,41,14.14,15.43,10.34,11.48,11,211.0,1400
   225.0,2299,6596,0,41,11.27,15.40,8.24,11.46,11,211.2,1400
   226.0,2310,6585,0,41,14.73,15.41,10.78,11.46,11,213.0,1400
   227.0,2330,6565,0,41,25.41,15.45,18.59,11.50,11,211.1,1400
   228.0,2340,6555,0,41,20.69,15.45,15.14,11.49,11,216.8,1400
   229.0,2351,6544,0,41,16.61,15.46,12.15,11.49,11,214.9,1400
   230.0,2361,6534,0,41,15.98,15.45,11.69,11.49,11,214.9,1400
   231.0,2367,6528,0,41,12.61,15.43,9.22,11.46,11,210.1,1400
   232.0,2377,6518,0,41,11.99,15.41,8.77,11.45,11,208.3,1400
   233.0,2393,6502,0,41,18.18,15.44,13.30,11.47,11,213.8,1400
   234.0,2402,6493,0,41,17.71,15.41,12.95,11.46,11,210.8,1400
   235.0,2407,6488,0,41,10.30,15.38,7.53,11.43,11,212.4,1400
   236.0,2419,6476,0,41,13.37,15.39,9.78,11.43,11,212.4,1400
   237.0,2427,6468,0,41,14.37,15.39,10.51,11.42,11,214.9,1400
   238.0,2441,6454,0,41,15.96,15.38,11.67,11.43,11,217.9,1400
   239.0,2448,6447,0,41,15.02,15.37,10.98,11.41,11,217.1,1400
   240.0,2454,6441,0,41,10.14,15.32,7.42,11.39,11,211.5,1400
   241.0,2470,6425,0,41,15.58,15.35,11.39,11.41,11,208.6,1400
   242.0,2481,6414,0,41,20.15,15.34,14.74,11.40,11,211.4,1400
   243.0,2492,6403,0,41,16.84,15.35,12.32,11.40,11,211.2,1400
   244.0,2503,6392,0,41,16.15,15.35,11.82,11.40,11,211.0,1400
   245.0,2519,6376,0,41,20.15,15.38,14.74,11.42,11,214.7,1400
   246.0,2529,6366,0,41,18.26,15.37,13.35,11.42,11,214.2,1400
   247.0,2540,6355,0,41,15.57,15.37,11.39,11.41,11,212.0,1400
   248.0,2551,6344,0,41,16.36,15.37,11.96,11.41,11,208.9,1400
   249.0,2555,6340,0,41,11.27,15.32,8.24,11.38,11,210.8,1400
   250.0,2571,6324,0,41,16.15,15.35,11.81,11.40,11,211.1,1400
   251.0,2577,6318,0,41,15.21,15.33,11.13,11.38,11,211.8,1400
   252.0,2590,6305,0,41,15.84,15.32,11.59,11.38,11,216.0,1400
   253.0,2602,6293,0,41,17.45,15.34,12.76,11.39,11,216.1,1400
   254.0,2614,6281,0,41,19.19,15.36,14.04,11.39,11,213.9,1400
   255.0,2622,6273,0,41,14.07,15.33,10.29,11.37,11,216.7,1400
   256.0,2637,6258,0,41,15.90,15.33,11.63,11.39,11,209.0,1400
   257.0,2649,6246,0,41,20.05,15.35,14.67,11.39,11,211.6,1400
   258.0,2665,6230,0,41,22.27,15.37,16.29,11.41,11,211.6,1400
   259.0,2677,6218,0,41,19.30,15.37,14.12,11.41,11,213.4,1400
   260.0,2693,6202,0,41,22.52,15.40,16.47,11.43,11,215.2,1400
   261.0,2709,6186,0,41,24.16,15.43,17.67,11.45,11,217.7,1400
   262.0,2720,6175,0,41,20.53,15.42,15.02,11.45,11,211.9,1400
   263.0,2721,6174,0,41,9.77,15.39,7.14,11.41,11,211.5,1400
   264.0,2729,6166,0,41,8.99,15.35,6.58,11.39,11,211.9,1400
   265.0,2740,6155,0,41,15.37,15.36,11.24,11.39,11,214.4,1400
   266.0,2740,6155,0,41,8.25,15.36,6.03,11.34,11,212.3,1400
   267.0,2740,6155,0,41,0.00,15.36,0.00,11.30,11,211.6,1400
   268.0,2751,6144,0,41,17.25,15.24,12.61,11.30,11,213.4,1400
   269.0,2762,6133,0,41,16.07,15.22,11.75,11.30,11,213.8,1400
   270.0,2772,6123,0,41,15.92,15.21,11.65,11.29,11,218.5,1400
   271.0,2784,6111,0,41,17.64,15.23,12.90,11.29,11,216.7,1400
   272.0,2796,6099,0,41,19.04,15.24,13.93,11.30,11,210.1,1400
   273.0,2811,6084,0,41,19.38,15.24,14.17,11.31,11,211.2,1400
   274.0,2816,6079,0,41,14.97,15.22,10.95,11.29,11,209.9,1400
   275.0,2825,6070,0,41,11.77,15.20,8.61,11.28,11,212.5,1400
   276.0,2835,6060,0,41,13.74,15.19,10.05,11.27,11,214.0,1400
   277.0,2846,6049,0,41,17.76,15.20,12.99,11.27,11,214.0,1400
   278.0,2858,6037,0,41,18.47,15.21,13.51,11.27,11,217.5,1400
   279.0,2867,6028,0,41,15.78,15.19,11.54,11.27,11,216.7,1400
   280.0,2875,6020,0,41,12.47,15.19,9.12,11.25,11,217.3,1400
   281.0,2886,6009,0,41,14.88,15.18,10.88,11.25,11,208.6,1400
   282.0,2895,6000,0,41,14.16,15.17,10.36,11.24,11,211.2,1400
   283.0,2901,5994,0,41,10.39,15.16,7.60,11.22,11,209.9,1400
   284.0,2909,5986,0,41,10.34,15.12,7.56,11.21,11,212.6,1400
   285.0,2921,5974,0,41,14.10,15.13,10.31,11.21,11,213.0,1400
   286.0,2927,5968,0,41,13.83,15.11,10.11,11.19,11,215.2,1400
   287.0,2935,5960,0,41,10.49,15.08,7.68,11.18,11,214.6,1400
   288.0,2945,5950,0,41,13.60,15.08,9.94,11.18,11,216.4,1400
   289.0,2956,5939,0,41,17.49,15.07,12.79,11.18,11,219.3,1400
   290.0,2960,5935,0,41,11.89,15.07,8.69,11.15,11,213.6,1400
   291.0,2969,5926,0,41,11.17,15.04,8.17,11.14,11,212.2,1400
   292.0,2979,5916,0,41,13.64,15.03,9.98,11.14,11,211.9,1400
   293.0,2995,5900,0,41,18.38,15.05,13.44,11.16,11,215.4,1400
   294.0,3007,5888,0,41,20.21,15.07,14.78,11.16,11,213.6,1400
   295.0,3023,5872,0,41,20.87,15.09,15.27,11.18,11,214.2,1400
   296.0,3039,5856,0,41,22.12,15.11,16.18,11.19,11,220.0,1400
   297.0,3050,5845,0,41,18.61,15.11,13.61,11.19,11,212.8,1400
   298.0,3065,5830,0,41,18.95,15.12,13.86,11.21,11,209.8,1400
   299.0,3077,5818,0,41,19.02,15.14,13.90,11.21,11,212.7,1400
   300.0,3088,5807,0,41,16.85,15.14,12.33,11.21,11,212.2,1400
   301.0,3097,5798,0,41,15.11,15.12,11.05,11.20,11,215.8,1400
   302.0,3104,5791,0,41,11.93,15.11,8.73,11.19,11,216.1,1400
   303.0,3110,5785,0,41,9.94,15.08,7.27,11.17,11,214.9,1400
   304.0,3126,5769,0,41,16.42,15.10,12.01,11.19,11,218.9,1400
   305.0,3138,5757,0,41,21.21,15.11,15.51,11.19,11,210.5,1400
   306.0,3154,5741,0,41,21.06,15.13,15.39,11.20,11,209.0,1400
   307.0,3170,5725,0,41,22.11,15.15,16.17,11.22,11,214.9,1400
   308.0,3177,5718,0,41,16.56,15.16,12.11,11.21,11,211.9,1400
   309.0,3189,5706,0,41,14.09,15.14,10.31,11.21,11,217.1,1400
   310.0,3201,5694,0,41,16.67,15.14,12.20,11.21,11,214.3,1400
   311.0,3213,5682,0,41,19.55,15.15,14.30,11.22,11,214.0,1400
   312.0,3225,5670,0,41,18.73,15.15,13.70,11.22,11,216.2,1400
   313.0,3237,5658,0,41,19.10,15.16,13.97,11.22,11,210.8,1400
   314.0,3242,5653,0,41,13.60,15.13,9.95,11.20,11,213.0,1400
   315.0,3254,5641,0,41,14.65,15.14,10.71,11.20,11,212.8,1400
   316.0,3269,5626,0,41,19.18,15.15,14.03,11.21,11,216.8,1400
   317.0,3281,5614,0,41,18.97,15.16,13.87,11.22,11,216.6,1400
   318.0,3290,5605,0,41,15.39,15.14,11.25,11.21,11,216.7,1400
   319.0,3306,5589,0,41,19.12,15.16,13.97,11.23,11,218.3,1400
   320.0,3318,5577,0,41,19.85,15.17,14.52,11.23,11,211.1,1400
   321.0,3324,5571,0,41,14.87,15.15,10.88,11.21,11,211.1,1400
   322.0,3328,5567,0,41,8.67,15.11,6.34,11.19,11,210.0,1400
   323.0,3336,5559,0,41,12.39,15.11,9.06,11.18,11,212.9,1400
   324.0,3346,5549,0,41,14.43,15.09,10.56,11.17,11,212.2,1400
   325.0,3357,5538,0,41,14.75,15.10,10.79,11.17,11,212.5,1400
   326.0,3368,5527,0,41,17.21,15.10,12.59,11.17,11,215.5,1400
   327.0,3378,5517,0,41,15.80,15.09,11.56,11.17,11,217.2,1400
   328.0,3390,5505,0,41,19.29,15.09,14.11,11.17,11,219.8,1400
   329.0,3402,5493,0,41,19.67,15.11,14.38,11.17,11,213.7,1400
   330.0,3412,5483,0,41,17.10,15.10,12.51,11.17,11,213.0,1400
   331.0,3424,5471,0,41,16.31,15.10,11.93,11.17,11,211.7,1400
   332.0,3440,5455,0,41,21.62,15.12,15.81,11.19,11,212.3,1400
   333.0,3446,5449,0,41,16.33,15.11,11.94,11.17,11,214.1,1400
   334.0,3454,5441,0,41,10.74,15.11,7.86,11.16,11,212.7,1400
   335.0,3463,5432,0,41,11.81,15.08,8.64,11.15,11,217.7,1400
   336.0,3474,5421,0,41,14.61,15.08,10.68,11.15,11,215.9,1400
   337.0,3484,5411,0,41,15.33,15.07,11.21,11.15,11,215.8,1400
   338.0,3495,5400,0,41,17.43,15.07,12.75,11.15,11,210.1,1400
   339.0,3507,5388,0,41,18.45,15.07,13.50,11.15,11,212.0,1400
   340.0,3519,5376,0,41,19.08,15.09,13.95,11.15,11,215.3,1400
   341.0,3535,5360,0,41,20.78,15.10,15.19,11.17,11,215.8,1400
   342.0,3546,5349,0,41,19.03,15.11,13.91,11.17,11,215.7,1400
   343.0,3561,5334,0,41,19.86,15.12,14.53,11.18,11,219.9,1400
   344.0,3576,5319,0,41,21.04,15.13,15.38,11.19,11,213.6,1400
   345.0,3587,5308,0,41,18.98,15.14,13.88,11.19,11,210.2,1400
   346.0,3597,5298,0,41,16.18,15.13,11.84,11.19,11,212.2,1400
   347.0,3605,5290,0,41,12.32,15.14,9.01,11.18,11,211.1,1400
   348.0,3614,5281,0,41,12.01,15.12,8.79,11.17,11,216.4,1400
   349.0,3626,5269,0,41,15.17,15.12,11.09,11.18,11,213.9,1400
   350.0,3641,5254,0,41,19.85,15.13,14.52,11.19,11,214.5,1400
   351.0,3652,5243,0,41,17.78,15.13,13.01,11.19,11,219.8,1400
   352.0,3668,5227,0,41,19.26,15.15,14.08,11.20,11,211.0,1400
   353.0,3684,5211,0,41,22.26,15.18,16.28,11.22,11,212.5,1400
   354.0,3694,5201,0,41,18.15,15.16,13.28,11.21,11,215.0,1400
   355.0,3703,5192,0,41,13.13,15.15,9.61,11.20,11,214.3,1400
   356.0,3710,5185,0,45,12.49,15.15,11.42,11.20,11,212.9,1400
   357.0,3719,5176,0,45,13.28,15.13,12.14,11.20,11,215.0,1400
   358.0,3731,5164,0,45,14.55,15.15,10.64,11.20,11,215.5,1400
   359.0,3738,5157,0,45,13.82,15.12,10.11,11.19,11,217.6,1400
   360.0,3749,5146,0,45,12.76,15.12,9.33,11.19,11,211.6,1400
   361.0,3758,5137,0,45,15.79,15.11,11.55,11.18,11,211.8,1400
   362.0,3769,5126,0,45,14.80,15.11,10.82,11.18,11,212.1,1400
   363.0,3779,5116,0,45,15.90,15.11,11.63,11.18,11,214.4,1400
   364.0,3788,5107,0,45,15.04,15.10,11.00,11.17,11,215.7,1400
   365.0,3803,5092,0,45,16.84,15.12,12.32,11.18,11,216.5,1400
   366.0,3818,5077,0,45,21.02,15.13,15.38,11.19,11,217.2,1400
   367.0,3834,5061,0,45,21.99,15.15,16.09,11.21,11,215.5,1400
   368.0,3850,5045,0,45,22.79,15.16,16.67,11.22,11,213.4,1400
   369.0,3862,5033,0,45,20.47,15.17,14.97,11.22,11,211.3,1400
   370.0,3878,5017,0,45,23.12,15.19,16.90,11.24,11,215.0,1400
   371.0,3889,5006,0,45,19.33,15.19,14.14,11.24,11,214.3,1400
   372.0,3905,4990,0,45,19.94,15.21,14.59,11.25,11,214.9,1400
   373.0,3925,4970,0,45,27.65,15.24,20.22,11.27,11,213.6,1400
   374.0,3941,4954,0,45,25.06,15.26,18.33,11.29,11,212.2,1400
   375.0,3948,4947,0,45,17.01,15.26,12.44,11.28,11,211.4,1400
   376.0,3962,4933,0,45,17.46,15.25,12.77,11.28,11,216.4,1400
   377.0,3967,4928,0,45,13.98,15.24,10.23,11.27,11,215.7,1400
   378.0,3983,4912,0,45,19.62,15.25,14.35,11.28,11,215.4,1400
   379.0,3991,4904,0,45,17.15,15.26,12.55,11.27,11,218.5,1400
   380.0,4004,4891,0,45,15.74,15.24,11.51,11.27,11,219.1,1400
   381.0,4020,4875,0,45,20.01,15.26,14.64,11.29,11,212.7,1400
   382.0,4036,4859,0,45,23.89,15.28,17.48,11.30,11,213.2,1400
   383.0,4047,4848,0,45,21.05,15.29,15.39,11.30,11,212.6,1400
   384.0,4054,4841,0,45,15.10,15.28,11.04,11.29,11,214.7,1400
   385.0,4063,4832,0,45,12.27,15.26,8.97,11.28,11,216.1,1400
   386.0,4074,4821,0,45,16.46,15.26,12.04,11.28,11,215.9,1400
   387.0,4083,4812,0,45,15.41,15.25,11.27,11.27,11,219.3,1400
   388.0,4090,4805,0,45,13.09,15.24,9.58,11.26,11,215.9,1400
   389.0,4099,4796,0,45,13.89,15.23,10.16,11.26,11,216.1,1400
   390.0,4115,4780,0,45,17.38,15.25,12.71,11.27,11,214.2,1400
   391.0,4126,4769,0,45,19.24,15.25,14.07,11.27,11,212.0,1400
   392.0,4131,4764,0,45,11.17,15.22,8.17,11.25,11,215.4,1400
   393.0,4141,4754,0,45,14.62,15.21,10.69,11.25,11,220.6,1400
   394.0,4152,4743,0,45,17.54,15.22,12.82,11.25,11,216.5,1400
   395.0,4161,4734,0,45,17.35,15.21,12.69,11.24,11,215.8,1400
   396.0,4166,4729,0,45,12.18,15.19,8.91,11.23,11,218.0,1400
   397.0,4181,4714,0,45,15.12,15.20,11.06,11.24,11,218.3,1400
   398.0,4196,4699,0,45,20.60,15.21,15.07,11.25,11,215.8,1400
   399.0,4207,4688,0,45,19.18,15.22,14.02,11.24,11,212.8,1400
   400.0,4221,4674,0,45,19.91,15.22,14.56,11.25,11,212.6,1400
   401.0,4232,4663,0,45,17.24,15.23,12.61,11.25,11,216.1,1400
   402.0,4248,4647,0,45,20.84,15.24,15.25,11.26,11,216.4,1400
   403.0,4259,4636,0,45,19.49,15.24,14.26,11.26,11,216.5,1400
   404.0,4275,4620,0,45,20.04,15.26,14.66,11.28,11,216.6,1400
   405.0,4286,4609,0,45,19.71,15.26,14.42,11.27,11,214.1,1400
   406.0,4302,4593,0,45,19.35,15.28,14.15,11.29,11,214.6,1400
   407.0,4322,4573,0,45,25.45,15.31,18.61,11.31,11,213.6,1400
   408.0,4338,4557,0,45,24.82,15.32,18.15,11.32,11,217.3,1400
   409.0,4350,4545,0,45,21.01,15.33,15.37,11.32,11,217.6,1400
   410.0,4361,4534,0,45,17.69,15.34,12.94,11.32,11,217.1,1400
   411.0,4375,4520,0,45,17.57,15.34,12.85,11.33,11,213.3,1400
   412.0,4386,4509,0,45,18.13,15.34,13.26,11.33,11,215.0,1400
   413.0,4402,4493,0,45,19.34,15.35,14.14,11.34,11,214.9,1400
   414.0,4412,4483,0,45,17.82,15.35,13.03,11.34,11,217.9,1400
   415.0,4422,4473,0,45,15.09,15.35,11.04,11.33,11,215.2,1400
   416.0,4438,4457,0,45,18.32,15.36,13.40,11.35,11,216.2,1400
   417.0,4453,4442,0,45,22.05,15.37,16.13,11.35,11,214.4,1400
   418.0,4469,4426,0,45,22.09,15.39,16.15,11.37,11,212.0,1400
   419.0,4477,4418,0,45,18.64,15.39,13.64,11.36,11,211.6,1400
   420.0,4485,4410,0,45,12.94,15.36,9.46,11.35,11,214.1,1400
   421.0,4490,4405,0,45,10.44,15.35,7.63,11.33,11,212.7,1400
   422.0,4500,4395,0,45,11.54,15.34,8.44,11.33,11,217.9,1400
   423.0,4516,4379,0,45,18.58,15.36,13.59,11.34,11,216.6,1400
   424.0,4526,4369,0,45,18.71,15.36,13.68,11.34,11,221.4,1400
   425.0,4538,4357,0,45,19.02,15.36,13.92,11.34,11,218.9,1400
   426.0,4547,4348,0,45,15.55,15.35,11.38,11.33,11,212.9,1400
   427.0,4562,4333,0,45,18.92,15.36,13.83,11.34,11,216.0,1400
   428.0,4573,4322,0,45,19.13,15.36,13.99,11.34,11,213.2,1400
   429.0,4589,4306,0,45,20.75,15.37,15.18,11.35,11,213.6,1400
   430.0,4601,4294,0,45,19.85,15.38,14.52,11.36,11,218.5,1400
   431.0,4612,4283,0,45,17.67,15.38,12.92,11.35,11,218.9,1400
   432.0,4628,4267,0,45,20.06,15.40,14.67,11.37,11,217.3,1400
   433.0,4644,4251,0,45,23.38,15.41,17.09,11.38,11,215.8,1400
   434.0,4660,4235,0,45,22.66,15.42,16.57,11.39,11,213.3,1400
   435.0,4668,4227,0,45,18.26,15.43,13.36,11.38,11,212.6,1400
   436.0,4677,4218,0,45,12.85,15.41,9.40,11.37,11,215.8,1400
   437.0,4693,4202,0,45,19.34,15.42,14.15,11.39,11,218.0,1400
   438.0,4705,4190,0,45,21.01,15.43,15.37,11.39,11,218.5,1400
   439.0,4725,4170,0,45,24.86,15.45,18.18,11.41,11,216.4,1400
   440.0,4736,4159,0,45,21.33,15.45,15.60,11.41,11,212.8,1400
   441.0,4748,4147,0,45,17.77,15.46,12.99,11.41,11,213.9,1400
   442.0,4758,4137,0,45,16.28,15.45,11.90,11.40,11,214.6,1400
   443.0,4769,4126,0,45,16.22,15.45,11.86,11.40,11,216.7,1400
   444.0,4785,4110,0,45,18.64,15.46,13.64,11.41,11,215.5,1400
   445.0,4801,4094,0,45,22.38,15.48,16.37,11.43,11,219.6,1400
   446.0,4817,4078,0,45,23.40,15.49,17.11,11.44,11,212.9,1400
   447.0,4828,4067,0,45,20.03,15.50,14.65,11.44,11,211.7,1400
   448.0,4844,4051,0,45,22.37,15.51,16.36,11.45,11,215.5,1400
   449.0,4860,4035,0,45,22.36,15.53,16.35,11.46,11,216.1,1400
   450.0,4872,4023,0,45,19.38,15.54,14.18,11.46,11,215.5,1400
   451.0,4882,4013,0,45,15.75,15.53,11.52,11.45,11,220.5,1400
   452.0,4890,4005,0,46,13.09,15.51,10.11,11.45,11,218.8,1400
   453.0,4897,3998,0,46,14.29,15.51,9.56,11.44,11,222.4,1400
   454.0,4902,3993,0,46,9.78,15.49,7.16,11.42,11,214.6,1400
   455.0,4917,3978,0,46,15.53,15.49,11.36,11.43,11,213.4,1400
   456.0,4933,3962,0,46,21.28,15.51,15.56,11.44,11,216.7,1400
   457.0,4948,3947,0,46,21.32,15.51,15.59,11.45,11,217.4,1400
   458.0,4960,3935,0,46,19.40,15.52,14.19,11.45,11,216.6,1400
   459.0,4971,3924,0,46,17.67,15.52,12.92,11.45,11,219.3,1400
   460.0,4986,3909,0,46,17.93,15.53,13.12,11.46,11,219.7,1400
   461.0,5002,3893,0,46,21.66,15.55,15.84,11.47,11,213.4,1400
   462.0,5014,3881,0,46,19.39,15.55,14.18,11.47,11,215.0,1400
   463.0,5028,3867,0,46,18.94,15.55,13.85,11.48,11,217.1,1400
   464.0,5037,3858,0,46,16.36,15.54,11.97,11.47,11,215.2,1400
   465.0,5049,3846,0,46,14.78,15.55,10.81,11.47,11,217.5,1400
   466.0,5063,3832,0,46,19.74,15.55,14.44,11.48,11,217.3,1400
   467.0,5069,3826,0,46,13.89,15.54,10.16,11.46,11,221.9,1400
   468.0,5085,3810,0,46,19.41,15.55,14.19,11.48,11,214.6,1400
   469.0,5091,3804,0,46,15.08,15.54,11.03,11.46,11,214.0,1400
   470.0,5107,3788,0,46,18.04,15.55,13.19,11.47,11,215.8,1400
   471.0,5123,3772,0,46,21.94,15.56,16.04,11.48,11,216.2,1400
   472.0,5128,3767,0,46,15.38,15.54,11.25,11.47,11,215.0,1400
   473.0,5139,3756,0,46,13.09,15.55,9.58,11.47,11,218.2,1400
   474.0,5159,3736,0,46,23.24,15.57,17.00,11.49,11,218.7,1400
   475.0,5175,3720,0,46,24.93,15.58,18.24,11.50,11,213.6,1400
   476.0,5190,3705,0,46,23.96,15.59,17.52,11.50,11,215.0,1400
   477.0,5206,3689,0,46,23.21,15.61,16.98,11.51,11,217.5,1400
   478.0,5217,3678,0,46,21.24,15.61,15.54,11.51,11,215.4,1400
   479.0,5233,3662,0,46,20.61,15.62,15.08,11.52,11,216.6,1400
   480.0,5248,3647,0,46,22.37,15.63,16.36,11.53,11,219.7,1400
   481.0,5260,3635,0,46,18.94,15.64,13.85,11.53,11,216.2,1400
   482.0,5275,3620,0,46,20.88,15.64,15.27,11.54,11,214.8,1400
   483.0,5291,3604,0,46,22.30,15.66,16.31,11.55,11,215.3,1400
   484.0,5307,3588,0,46,24.00,15.67,17.55,11.56,11,218.7,1400
   485.0,5312,3583,0,46,15.39,15.65,11.25,11.54,11,216.1,1400
   486.0,5327,3568,0,46,18.58,15.66,13.59,11.55,11,221.0,1400
   487.0,5343,3552,0,46,21.20,15.67,15.01,11.56,11,219.9,1400
   488.0,5355,3540,0,46,20.05,15.68,14.67,11.56,11,215.4,1400
   489.0,5371,3524,0,46,20.99,15.69,15.35,11.57,11,212.2,1400
   490.0,5382,3513,0,46,18.97,15.69,13.87,11.57,11,217.5,1400
   491.0,5389,3506,0,46,13.23,15.68,9.68,11.56,11,216.3,1400
   492.0,5400,3495,0,46,13.33,15.68,9.75,11.56,11,219.6,1400
   493.0,5420,3475,0,46,21.73,15.70,15.90,11.58,11,219.1,1400
   494.0,5432,3463,0,46,22.88,15.70,16.74,11.58,11,223.5,1400
   495.0,5439,3456,0,46,15.49,15.70,11.33,11.57,11,217.3,1400
   496.0,5452,3443,0,46,15.51,15.69,11.34,11.57,11,215.7,1400
   497.0,5463,3432,0,46,18.17,15.69,13.29,11.57,11,215.8,1400
   498.0,5483,3412,0,46,24.77,15.71,18.12,11.59,11,218.0,1400
   499.0,5499,3396,0,46,25.01,15.73,18.29,11.60,11,218.2,1400
   500.0,5515,3380,0,46,24.75,15.74,18.10,11.61,11,219.4,1400
   501.0,5530,3365,0,46,23.11,15.75,16.90,11.61,11,215.0,1400
   502.0,5546,3349,0,46,21.72,15.76,15.89,11.62,11,215.3,1400
   503.0,5547,3348,0,46,12.42,15.74,9.08,11.60,11,213.2,1400
   504.0,5562,3333,0,46,16.97,15.75,12.40,11.61,11,217.0,1400
   505.0,5573,3322,0,46,17.89,15.75,13.09,11.61,11,216.9,1400
   506.0,5579,3316,0,46,12.01,15.74,8.78,11.59,11,221.2,1400
   507.0,5590,3305,0,46,13.79,15.73,10.08,11.59,11,220.4,1400
   508.0,5601,3294,0,46,15.13,15.73,11.07,11.59,11,220.5,1400
   509.0,5610,3285,0,46,13.94,15.71,10.20,11.59,11,218.1,1400
   510.0,5616,3279,0,46,10.93,15.70,7.99,11.58,11,214.6,1400
   511.0,5626,3269,0,46,13.06,15.69,9.55,11.57,11,214.8,1400
   512.0,5632,3263,0,46,12.10,15.68,8.85,11.56,11,213.8,1400
   513.0,5643,3252,0,46,13.62,15.69,9.96,11.56,11,217.2,1400
   514.0,5650,3245,0,46,13.14,15.68,9.61,11.55,11,218.1,1400
   515.0,5659,3236,0,46,11.03,15.66,8.07,11.55,11,220.6,1400
   516.0,5664,3231,0,46,9.64,15.65,7.05,11.53,11,217.9,1400
   517.0,5673,3222,0,46,11.91,15.64,8.71,11.53,11,220.8,1400
   518.0,5684,3211,0,46,15.63,15.64,11.43,11.53,11,222.4,1400
   519.0,5696,3199,0,46,16.45,15.64,12.04,11.53,11,219.5,1400
   520.0,5701,3194,0,46,11.66,15.63,8.53,11.51,11,215.7,1400
   521.0,5715,3180,0,46,15.41,15.62,11.27,11.52,11,217.9,1400
   522.0,5716,3179,0,46,10.60,15.62,7.75,11.50,11,217.2,1400
   523.0,5716,3179,0,46,0.72,15.62,0.53,11.47,11,218.4,1400
   524.0,5716,3179,0,46,0.00,15.62,0.00,11.45,11,215.8,1400
   525.0,5716,3179,0,46,0.00,15.62,0.00,11.43,11,217.7,1400
   526.0,5732,3163,0,46,25.17,15.52,18.41,11.44,11,220.3,1400
   527.0,5736,3159,0,48,14.65,15.50,11.79,11.43,11,221.7,1400
   528.0,5746,3149,0,48,16.44,15.50,10.30,11.42,11,219.4,1400
   529.0,5762,3133,0,48,20.56,15.51,15.04,11.43,11,216.1,1400
   530.0,5773,3122,0,48,18.82,15.51,13.77,11.43,11,213.7,1400
   531.0,5789,3106,0,48,19.90,15.52,14.55,11.44,11,214.5,1400
   532.0,5801,3094,0,48,19.94,15.53,14.58,11.44,11,219.0,1400
   533.0,5810,3085,0,48,15.45,15.52,11.30,11.44,11,219.0,1400
   534.0,5819,3076,0,48,14.15,15.51,10.34,11.43,11,219.4,1400
   535.0,5830,3065,0,48,14.01,15.51,10.25,11.43,11,219.1,1400
   536.0,5846,3049,0,48,19.67,15.52,14.38,11.44,11,215.9,1400
   537.0,5856,3039,0,48,19.45,15.51,14.22,11.44,11,216.5,1400
   538.0,5872,3023,0,48,18.90,15.52,13.82,11.45,11,216.7,1400
   539.0,5877,3018,0,48,16.06,15.51,11.74,11.44,11,218.6,1400
   540.0,5887,3008,0,48,15.71,15.51,11.49,11.43,11,218.4,1400
   541.0,5895,3000,0,52,13.42,15.50,12.00,11.43,11,216.5,1400
   542.0,5910,2985,0,52,21.46,15.51,15.27,11.44,11,222.0,1400
   543.0,5925,2970,0,52,22.06,15.52,16.14,11.45,11,221.1,1400
   544.0,5937,2958,0,52,19.01,15.52,13.90,11.45,11,217.0,1400
   545.0,5945,2950,0,52,14.64,15.51,10.71,11.44,11,217.6,1400
   546.0,5956,2939,0,52,14.76,15.51,10.80,11.44,11,217.7,1400
   547.0,5971,2924,0,52,21.69,15.52,15.86,11.45,11,215.7,1400
   548.0,5987,2908,0,52,22.44,15.53,16.41,11.46,11,216.4,1400
   549.0,5998,2897,0,52,19.54,15.53,14.29,11.46,11,219.7,1400
   550.0,6012,2883,0,52,20.14,15.54,14.72,11.46,11,220.4,1400
   551.0,6024,2871,0,52,18.22,15.54,13.33,11.46,11,216.2,1400
   552.0,6035,2860,0,52,17.08,15.55,12.75,11.46,11,218.9,1400
   553.0,6035,2860,0,52,7.29,15.55,5.57,11.44,11,218.9,1400
   554.0,6035,2860,0,52,0.00,15.55,0.00,11.42,11,216.8,1400
   555.0,6043,2852,0,52,19.78,15.48,14.47,11.41,11,220.0,1400
   556.0,6058,2837,0,52,20.25,15.48,14.81,11.42,11,218.7,1400
   557.0,6068,2827,0,52,17.43,15.47,12.75,11.41,11,223.7,1400
   558.0,6083,2812,0,52,18.03,15.48,13.19,11.42,11,218.7,1400
   559.0,6095,2800,0,52,20.46,15.49,14.97,11.42,11,216.7,1400
   560.0,6105,2790,0,52,17.07,15.49,12.49,11.42,11,217.3,1400
   561.0,6115,2780,0,52,14.38,15.48,10.52,11.42,11,216.6,1400
   562.0,6127,2768,0,52,18.40,15.48,13.46,11.42,11,216.5,1400
   563.0,6132,2763,0,52,12.84,15.47,9.39,11.41,11,220.6,1400
   564.0,6140,2755,0,52,10.95,15.47,8.01,11.40,11,219.4,1400
   565.0,6145,2750,0,52,9.40,15.45,6.87,11.39,11,221.9,1400
   566.0,6157,2738,0,52,12.93,15.44,9.45,11.39,11,220.2,1400
   567.0,6173,2722,0,52,20.17,15.45,14.75,11.40,11,218.8,1400
   568.0,6184,2711,0,52,20.61,15.45,15.08,11.40,11,215.6,1400
   569.0,6196,2699,0,52,18.61,15.46,13.61,11.40,11,215.7,1400
   570.0,6208,2687,0,52,19.48,15.46,14.25,11.40,11,220.3,1400
   571.0,6216,2679,0,52,14.66,15.45,10.72,11.39,11,219.4,1400
   572.0,6232,2663,0,52,17.23,15.46,12.61,11.40,11,221.1,1400
   573.0,6240,2655,0,52,17.33,15.47,12.68,11.40,11,220.1,1400
   574.0,6252,2643,0,52,14.66,15.46,10.72,11.40,11,214.5,1400
   575.0,6268,2627,0,52,19.76,15.47,14.46,11.41,11,218.3,1400
   576.0,6273,2622,0,52,15.13,15.46,11.07,11.39,11,214.8,1400
   577.0,6287,2608,0,52,15.25,15.46,11.16,11.40,11,218.5,1400
   578.0,6303,2592,0,52,21.85,15.47,15.98,11.41,11,221.2,1400
   579.0,6315,2580,0,52,21.45,15.48,15.69,11.41,11,219.3,1400
   580.0,6330,2565,0,52,20.23,15.48,14.79,11.41,11,219.8,1400
   581.0,6340,2555,0,52,17.48,15.48,12.79,11.41,11,224.6,1400
   582.0,6356,2539,0,52,20.22,15.49,14.79,11.42,11,217.6,1400
   583.0,6367,2528,0,52,19.25,15.49,14.08,11.42,11,216.5,1400
   584.0,6372,2523,0,52,12.12,15.48,8.86,11.41,11,218.9,1400
   585.0,6377,2518,0,52,8.53,15.47,6.24,11.40,11,218.8,1400
   586.0,6390,2505,0,52,14.45,15.46,10.56,11.40,11,218.7,1400
   587.0,6398,2497,0,54,15.48,15.45,12.40,11.40,11,218.7,1400
   588.0,6409,2486,0,54,14.04,15.46,11.35,11.40,11,222.0,1400
   589.0,6425,2470,0,54,19.64,15.47,14.36,11.40,11,216.1,1400
   590.0,6441,2454,0,54,22.11,15.47,16.17,11.41,11,214.7,1400
   591.0,6441,2454,0,54,11.66,15.47,8.53,11.39,11,217.8,1400
   592.0,6455,2440,0,54,26.33,15.45,19.26,11.40,11,220.6,1400
   593.0,6460,2435,0,54,14.94,15.44,10.93,11.39,11,217.4,1400
   594.0,6472,2423,0,54,13.02,15.44,9.52,11.39,11,222.7,1400
   595.0,6484,2411,0,54,20.38,15.45,14.91,11.39,11,220.5,1400
   596.0,6495,2400,0,54,17.73,15.45,12.97,11.39,11,222.3,1400
   597.0,6503,2392,0,54,13.13,15.43,9.61,11.38,11,224.8,1400
   598.0,6514,2381,0,54,13.21,15.43,9.66,11.38,11,216.2,1400
   599.0,6517,2378,0,54,11.15,15.42,8.15,11.37,11,216.2,1400
   600.0,6533,2362,0,54,22.03,15.43,16.12,11.37,11,216.2,1400
   601.0,6549,2346,0,54,22.42,15.44,16.40,11.38,11,216.6,1400
   602.0,6564,2331,0,54,21.42,15.44,15.66,11.39,11,220.0,1400
   603.0,6570,2325,0,54,14.60,15.44,10.68,11.38,11,221.0,1400
   604.0,6581,2314,0,54,14.09,15.44,10.31,11.38,11,223.9,1400
   605.0,6590,2305,0,54,14.12,15.42,10.33,11.37,11,221.5,1400
   606.0,6601,2294,0,54,14.69,15.42,10.75,11.37,11,218.5,1400
   607.0,6616,2279,0,54,19.24,15.43,14.07,11.38,11,216.5,1400
   608.0,6626,2269,0,54,19.25,15.43,14.08,11.38,11,215.9,1400
   609.0,6642,2253,0,54,21.71,15.44,15.87,11.39,11,219.9,1400
   610.0,6651,2244,0,54,19.13,15.43,13.98,11.38,11,221.0,1400
   611.0,6667,2228,0,54,23.41,15.45,17.12,11.39,11,219.4,1400
   612.0,6672,2223,0,54,15.65,15.43,11.45,11.38,11,221.5,1400
   613.0,6684,2211,0,54,12.27,15.44,8.97,11.38,11,221.2,1400
   614.0,6700,2195,0,54,21.43,15.45,15.67,11.39,11,218.2,1400
   615.0,6708,2187,0,54,16.46,15.45,12.04,11.38,11,216.2,1400
   616.0,6716,2179,0,54,11.14,15.43,8.15,11.38,11,220.4,1400
   617.0,6717,2178,0,54,6.91,15.41,5.05,11.36,11,218.5,1400
   618.0,6727,2168,0,54,11.71,15.41,8.57,11.36,11,219.7,1400
   619.0,6738,2157,0,54,15.13,15.41,11.06,11.36,11,221.4,1400
   620.0,6746,2149,0,54,13.40,15.40,9.80,11.35,11,221.8,1400
   621.0,6759,2136,0,54,15.44,15.40,11.29,11.35,11,222.3,1400
   622.0,6775,2120,0,54,22.27,15.41,16.29,11.36,11,218.3,1400
   623.0,6779,2116,0,54,15.38,15.39,11.24,11.35,11,215.8,1400
   624.0,6791,2104,0,54,15.97,15.39,11.68,11.35,11,215.8,1400
   625.0,6802,2093,0,54,19.97,15.40,14.60,11.35,11,218.8,1400
   626.0,6814,2081,0,54,18.77,15.40,13.73,11.35,11,218.8,1400
   627.0,6830,2065,0,54,20.03,15.40,14.65,11.36,11,221.8,1400
   628.0,6842,2053,0,54,19.94,15.41,14.58,11.36,11,223.8,1400
   629.0,6858,2037,0,54,21.68,15.42,15.86,11.37,11,224.2,1400
   630.0,6874,2021,0,54,23.27,15.43,17.02,11.37,11,216.7,1400
   631.0,6886,2009,0,54,20.65,15.43,15.10,11.37,11,217.8,1400
   632.0,6891,2004,0,54,13.15,15.42,9.62,11.36,11,216.1,1400
   633.0,6902,1993,0,54,11.35,15.42,8.30,11.36,11,219.1,1400
   634.0,6913,1982,0,54,16.00,15.42,11.70,11.36,11,221.2,1400
   635.0,6928,1967,0,54,18.63,15.42,13.63,11.37,11,221.6,1400
   636.0,6936,1959,0,54,16.76,15.43,12.26,11.36,11,223.9,1400
   637.0,6949,1946,0,54,15.73,15.42,11.51,11.37,11,216.3,1400
   638.0,6956,1939,0,54,15.34,15.42,11.22,11.36,11,217.0,1400
   639.0,6966,1929,0,54,13.01,15.41,9.52,11.36,11,215.2,1400
   640.0,6982,1913,0,54,20.50,15.42,14.99,11.36,11,219.1,1400
   641.0,6994,1901,0,54,20.99,15.42,15.35,11.37,11,221.2,1400
   642.0,7010,1885,0,54,20.64,15.43,15.09,11.37,11,221.9,1400
   643.0,7026,1869,0,54,23.66,15.44,17.31,11.38,11,225.0,1400
   644.0,7032,1863,0,54,17.11,15.43,12.51,11.37,11,219.3,1400
   645.0,7044,1851,0,54,15.21,15.44,11.12,11.37,11,214.9,1400
   646.0,7051,1844,0,57,13.17,15.43,11.16,11.37,11,219.3,1400
   647.0,7060,1835,0,57,13.10,15.42,9.68,11.37,11,216.3,1400
   648.0,7070,1825,0,57,14.96,15.42,10.94,11.36,11,221.5,1400
   649.0,7080,1815,0,57,16.51,15.41,12.08,11.36,11,221.1,1400
   650.0,7091,1804,0,57,15.15,15.41,11.08,11.36,11,222.2,1400
   651.0,7100,1795,0,57,15.59,15.40,11.40,11.36,11,221.6,1400
   652.0,7107,1788,0,57,11.42,15.40,8.35,11.35,11,224.2,1400
   653.0,7117,1778,0,57,13.61,15.40,9.95,11.35,11,218.3,1400
   654.0,7125,1770,0,57,12.56,15.40,9.18,11.34,11,217.7,1400
   655.0,7137,1758,0,57,14.06,15.39,10.28,11.34,11,219.8,1400
   656.0,7141,1754,0,57,12.79,15.37,9.36,11.33,11,216.3,1400
   657.0,7153,1742,0,57,13.11,15.38,9.59,11.33,11,219.3,1400
   658.0,7169,1726,0,57,22.84,15.39,16.70,11.34,11,220.2,1400
   659.0,7174,1721,0,57,14.59,15.38,10.67,11.33,11,223.9,1400
   660.0,7178,1717,0,57,7.93,15.36,5.80,11.32,11,222.9,1400
   661.0,7189,1706,0,57,12.71,15.36,9.30,11.32,11,225.9,1400
   662.0,7200,1695,0,57,15.07,15.36,11.02,11.32,11,218.3,1400
   663.0,7213,1682,0,57,16.65,15.36,12.18,11.32,11,217.5,1400
   664.0,7225,1670,0,57,17.81,15.36,13.03,11.32,11,218.2,1400
   665.0,7237,1658,0,57,19.12,15.37,13.99,11.32,11,218.0,1400
   666.0,7247,1648,0,57,15.97,15.36,11.68,11.32,11,223.1,1400
   667.0,7262,1633,0,57,19.03,15.37,13.92,11.33,11,223.1,1400
   668.0,7267,1628,0,57,14.68,15.35,10.74,11.32,11,221.3,1400
   669.0,7278,1617,0,57,11.99,15.36,8.77,11.32,11,225.1,1400
   670.0,7294,1601,0,57,22.59,15.37,16.52,11.32,11,217.5,1400
   671.0,7306,1589,0,57,19.72,15.37,14.43,11.33,11,215.2,1400
   672.0,7315,1580,0,57,14.56,15.37,10.65,11.32,11,219.7,1400
   673.0,7330,1565,0,57,18.35,15.37,13.42,11.33,11,220.2,1400
   674.0,7342,1553,0,61,19.16,15.37,16.09,11.33,11,221.0,1400
   675.0,7349,1546,0,61,13.24,15.37,11.72,11.33,11,221.2,1400
   676.0,7357,1538,0,61,10.96,15.36,8.01,11.32,11,222.8,1400
   677.0,7373,1522,0,61,17.52,15.36,12.81,11.33,11,224.5,1400
   678.0,7380,1515,0,61,16.63,15.36,12.16,11.32,11,216.3,1400
   679.0,7391,1504,0,61,14.91,15.36,10.90,11.32,11,220.6,1400
   680.0,7402,1493,0,61,15.18,15.36,11.11,11.32,11,220.5,1400
   681.0,7418,1477,0,61,20.54,15.37,15.03,11.33,11,220.9,1400
   682.0,7432,1463,0,61,21.14,15.37,15.46,11.33,11,224.6,1400
   683.0,7438,1457,0,61,14.51,15.37,10.61,11.33,11,221.1,1400
   684.0,7452,1443,0,61,16.39,15.36,11.98,11.33,11,221.3,1400
   685.0,7460,1435,0,61,17.24,15.37,12.61,11.32,11,220.5,1400
   686.0,7472,1423,0,61,15.04,15.36,11.00,11.33,11,216.3,1400
   687.0,7483,1412,0,61,17.55,15.36,12.83,11.32,11,219.3,1400
   688.0,7498,1397,0,61,21.74,15.37,15.89,11.33,11,219.9,1400
   689.0,7508,1387,0,61,18.07,15.36,13.21,11.33,11,219.5,1400
   690.0,7519,1376,0,61,17.67,15.36,12.92,11.33,11,222.7,1400
   691.0,7529,1366,0,61,15.92,15.36,11.65,11.33,11,221.7,1400
   692.0,7544,1351,0,61,18.52,15.37,13.54,11.33,11,227.4,1400
   693.0,7555,1340,0,61,18.78,15.37,13.73,11.33,11,219.8,1400
   694.0,7571,1324,0,61,21.07,15.38,15.41,11.34,11,218.6,1400
   695.0,7576,1319,0,61,15.38,15.37,11.25,11.33,11,218.4,1400
   696.0,7592,1303,0,61,15.84,15.38,11.58,11.34,11,220.6,1400
   697.0,7604,1291,0,61,20.45,15.38,14.96,11.34,11,221.5,1400
   698.0,7620,1275,0,61,22.06,15.39,16.14,11.34,11,222.8,1400
   699.0,7631,1264,0,61,19.28,15.39,14.10,11.34,11,224.3,1400
   700.0,7646,1249,0,61,19.97,15.39,14.61,11.35,11,219.0,1400
   701.0,7662,1233,0,61,22.97,15.40,16.80,11.35,11,218.6,1400
   702.0,7674,1221,0,61,20.75,15.41,15.18,11.36,11,218.4,1400
   703.0,7684,1211,0,61,17.06,15.40,12.48,11.35,11,220.8,1400
   704.0,7694,1201,0,61,16.01,15.40,11.71,11.35,11,220.2,1400
   705.0,7710,1185,0,61,19.89,15.41,14.55,11.36,11,223.3,1400
   706.0,7725,1170,0,61,22.18,15.42,16.22,11.36,11,221.6,1400
   707.0,7737,1158,0,61,18.86,15.42,13.80,11.36,11,218.8,1400
   708.0,7747,1148,0,61,16.60,15.41,12.14,11.36,11,221.0,1400
   709.0,7751,1144,0,63,10.07,15.42,8.42,11.36,11,218.4,1400
   710.0,7756,1139,0,63,6.96,15.39,6.22,11.35,11,220.5,1400
   711.0,7766,1129,0,63,10.94,15.38,8.00,11.34,11,223.9,1400
   712.0,7777,1118,0,63,14.99,15.38,10.97,11.34,11,222.9,1400
   713.0,7789,1106,0,63,18.90,15.39,13.82,11.34,11,225.1,1400
   714.0,7794,1101,0,63,13.83,15.38,10.12,11.34,11,223.8,1400
   715.0,7805,1090,0,63,12.23,15.37,8.95,11.33,11,226.7,1400
   716.0,7821,1074,0,63,21.89,15.38,16.01,11.34,11,217.7,1400
   717.0,7833,1062,0,63,20.57,15.39,15.05,11.34,11,223.0,1400
   718.0,7833,1062,0,63,8.82,15.39,6.45,11.33,11,222.3,1400
   719.0,7833,1062,0,63,0.00,15.39,0.00,11.31,11,222.5,1400
   720.0,7833,1062,0,63,0.00,15.39,0.00,11.29,11,221.3,1400
   721.0,7844,1051,0,64,21.89,15.32,12.07,11.29,11,219.7,1400
   722.0,7856,1039,0,64,18.64,15.32,12.04,11.30,11,223.7,1400
   723.0,7868,1027,0,68,18.30,15.32,15.62,11.30,11,224.2,1400
   724.0,7883,1012,0,68,18.91,15.33,15.88,11.31,11,217.3,1400
   725.0,7887,1008,0,70,13.80,15.33,11.15,11.30,11,220.1,1400
   726.0,7899,996,0,74,12.11,15.32,12.17,11.31,11,218.8,1400
   727.0,7915,980,0,74,20.41,15.33,17.06,11.31,11,219.7,1400
   728.0,7924,971,0,74,18.37,15.32,13.43,11.31,11,222.4,1400
   729.0,7936,959,0,74,15.67,15.33,11.46,11.31,11,222.3,1400
   730.0,7952,943,0,74,20.95,15.33,15.33,11.32,11,225.0,1400
   731.0,7957,938,0,74,14.71,15.32,10.76,11.31,11,227.0,1400
   732.0,7967,928,0,74,11.18,15.32,8.17,11.31,11,218.7,1400
   733.0,7983,912,0,74,18.86,15.33,13.79,11.31,11,216.5,1400
   734.0,7995,900,0,78,19.82,15.33,16.57,11.32,11,222.8,1400
   735.0,8006,889,0,78,16.52,15.33,14.19,11.32,11,221.0,1400
   736.0,8022,873,0,78,20.42,15.34,14.93,11.33,11,221.3,1400
   737.0,8026,869,0,79,14.00,15.34,10.75,11.32,11,222.8,1400
   738.0,8038,857,0,83,11.45,15.33,10.99,11.32,11,218.4,1400
   739.0,8048,847,0,83,15.39,15.32,13.29,11.32,11,220.7,1400
   740.0,8060,835,0,83,19.12,15.33,13.99,11.32,11,218.6,1400
   741.0,8075,820,0,83,20.65,15.33,15.10,11.33,11,218.7,1400
   742.0,8085,810,0,83,17.32,15.33,12.67,11.33,11,223.4,1400
   743.0,8096,799,0,83,16.23,15.33,11.87,11.33,11,223.7,1400
   744.0,8103,792,0,83,13.90,15.33,10.17,11.32,11,226.0,1400
   745.0,8113,782,0,83,13.00,15.32,9.51,11.32,11,223.2,1400
   746.0,8121,774,0,87,13.73,15.32,12.27,11.32,11,220.4,1400
   747.0,8125,770,0,88,9.22,15.32,9.55,11.31,11,217.4,1400
   748.0,8137,758,0,92,11.20,15.30,10.75,11.32,11,217.9,1400
   749.0,8149,746,0,96,16.70,15.30,16.28,11.32,11,222.9,1400
   750.0,8151,744,0,96,10.20,15.28,9.59,11.31,11,219.5,1400
   751.0,8167,728,0,96,15.42,15.29,11.28,11.32,11,226.0,1400
   752.0,8175,720,0,96,18.50,15.29,13.53,11.31,11,222.2,1400
   753.0,8190,705,0,96,17.84,15.29,13.05,11.32,11,222.9,1400
   754.0,8201,694,0,96,19.66,15.30,14.38,11.32,11,220.5,1400
   755.0,8204,691,0,96,10.70,15.28,7.83,11.31,11,216.1,1400
   756.0,8211,684,0,96,13.15,15.28,9.62,11.30,11,221.2,1400
   757.0,8223,672,0,99,15.61,15.27,13.22,11.30,11,220.8,1400
   758.0,8233,662,0,99,18.71,15.27,13.21,11.30,11,222.1,1400
   759.0,8245,650,0,103,18.24,15.27,15.77,11.31,11,222.5,1400
   760.0,8261,634,0,103,24.08,15.28,17.33,11.32,11,224.6,1400
   761.0,8269,626,0,107,18.34,15.28,15.65,11.32,11,222.2,1400
   762.0,8281,614,0,107,17.00,15.28,13.11,11.32,11,221.6,1400
   763.0,8286,609,0,107,12.11,15.27,8.85,11.31,11,217.9,1400
   764.0,8298,597,0,107,15.15,15.27,11.08,11.31,11,219.0,1400
   765.0,8309,586,0,107,16.48,15.27,12.05,11.31,11,219.3,1400
   766.0,8320,575,0,107,15.58,15.27,11.39,11.31,11,223.0,1400
   767.0,8332,563,0,107,17.22,15.27,12.60,11.31,11,222.3,1400
   768.0,8347,548,0,107,19.02,15.27,13.91,11.32,11,224.3,1400
   769.0,8359,536,0,107,18.68,15.28,13.66,11.32,11,227.6,1400
   770.0,8375,520,0,107,21.91,15.28,16.02,11.32,11,219.8,1400
   771.0,8387,508,0,107,20.46,15.29,14.97,11.32,11,217.4,1400
   772.0,8398,497,0,107,17.91,15.29,13.10,11.32,11,220.6,1400
   773.0,8409,486,0,107,16.15,15.29,11.82,11.32,11,220.8,1400
   774.0,8415,480,0,107,11.66,15.28,8.53,11.32,11,222.9,1400
   775.0,8430,465,0,107,15.30,15.28,11.18,11.32,11,223.0,1400
   776.0,8434,461,0,107,14.12,15.27,10.33,11.31,11,227.1,1400
   777.0,8446,449,0,107,14.79,15.27,10.82,11.31,11,224.5,1400
   778.0,8458,437,0,107,18.16,15.27,13.28,11.31,11,220.3,1400
   779.0,8469,426,0,107,17.75,15.28,12.98,11.31,11,219.4,1400
   780.0,8480,415,0,107,18.27,15.27,13.37,11.31,11,218.7,1400
   781.0,8488,407,0,108,13.76,15.28,10.59,11.31,11,222.8,1400
   782.0,8500,395,0,112,14.04,15.27,12.83,11.31,11,223.1,1400
   783.0,8512,383,0,112,18.71,15.27,15.96,11.32,11,226.8,1400
   784.0,8528,367,0,112,21.43,15.28,15.68,11.32,11,225.3,1400
   785.0,8540,355,0,112,19.16,15.28,14.01,11.32,11,218.8,1400
   786.0,8556,339,0,112,22.32,15.29,16.33,11.33,11,222.4,1400
   787.0,8560,335,0,114,14.54,15.29,11.70,11.32,11,219.0,1400
   788.0,8572,323,0,114,12.09,15.28,9.94,11.32,11,222.1,1400
   789.0,8579,316,0,114,14.84,15.28,10.86,11.32,11,223.3,1400
   790.0,8587,308,0,115,12.24,15.26,9.55,11.31,11,220.4,1400
   791.0,8595,300,0,115,16.20,15.26,10.43,11.31,11,223.0,1400
   792.0,8604,291,0,115,14.45,15.25,10.57,11.31,11,224.9,1400
   793.0,8616,279,0,115,17.91,15.26,13.10,11.31,11,227.5,1400
   794.0,8624,271,0,115,15.66,15.26,11.45,11.30,11,220.7,1400
   795.0,8634,261,0,115,14.70,15.25,10.75,11.30,11,221.4,1400
   796.0,8638,257,0,115,10.52,15.25,7.70,11.29,11,222.6,1400
   797.0,8646,249,0,115,9.04,15.23,6.61,11.29,11,222.2,1400
   798.0,8658,237,0,119,13.71,15.23,12.04,11.29,11,220.4,1400
   799.0,8665,230,0,123,13.44,15.23,13.97,11.29,11,223.8,1400
   800.0,8667,228,0,123,9.00,15.23,7.51,11.28,11,224.8,1400
   801.0,8667,228,0,123,1.39,15.23,1.02,11.27,11,226.9,1400
   802.0,8667,228,0,123,0.00,15.23,0.00,11.25,11,225.7,1400
   803.0,8675,220,0,124,20.11,15.16,11.29,11.25,11,226.7,1400
   804.0,8687,208,0,124,17.71,15.17,11.69,11.25,11,221.5,1400
   805.0,8695,200,0,124,15.51,15.17,11.34,11.25,11,220.5,1400
   806.0,8705,190,0,128,14.42,15.16,12.89,11.25,11,223.6,1400
   807.0,8715,180,0,128,14.02,15.16,12.31,11.25,11,220.7,1400
   808.0,8726,169,0,128,15.46,15.16,11.31,11.25,11,224.0,1400
   809.0,8736,159,0,128,17.91,15.15,13.10,11.25,11,223.4,1400
   810.0,8747,148,0,128,17.20,15.15,12.58,11.25,11,223.1,1400
   811.0,8754,141,0,128,13.60,15.15,9.95,11.24,11,228.0,1400
   812.0,8761,134,0,128,11.50,15.15,8.41,11.24,11,219.7,1400
   813.0,8773,122,0,128,13.87,15.15,10.14,11.24,11,219.9,1400
   814.0,8785,110,0,128,17.48,15.15,12.79,11.24,11,218.2,1400
   815.0,8796,99,0,128,15.83,15.15,11.58,11.24,11,221.3,1400
   816.0,8808,87,0,128,16.03,15.15,11.72,11.24,11,221.0,1400
   817.0,8816,79,0,128,15.08,15.14,11.03,11.23,11,225.4,1400
   818.0,8820,75,0,128,9.54,15.15,6.98,11.23,11,227.4,1400
   819.0,8820,75,0,128,2.77,15.15,2.02,11.21,11,227.1,1400
   820.0,8820,75,0,128,0.00,15.15,0.00,11.20,11,226.5,1400
   821.0,8820,75,0,128,0.00,15.15,0.00,11.18,11,227.9,1400
   822.0,8832,63,0,128,22.72,15.07,16.62,11.18,11,220.2,1400
   823.0,8844,51,0,128,19.05,15.08,13.94,11.19,11,217.5,1400
   824.0,8855,40,0,128,17.34,15.07,12.69,11.18,11,220.5,1400
   825.0,8866,29,0,128,16.38,15.08,11.98,11.18,11,222.7,1400
   826.0,8870,25,0,129,12.31,15.06,9.60,11.18,11,224.3,1400
   827.0,8881,14,0,129,19.64,15.06,11.38,11.18,11,222.7,1400
   828.0,8884,11,0,138,12.24,15.06,14.71,11.18,11,225.9,1400
   829.0,8884,11,0,150,2.86,15.06,13.51,11.18,11,227.4,1400
   830.0,8884,11,0,162,0.00,15.06,13.41,11.18,11,223.9,1400
   831.0,8886,9,0,165,10.94,15.00,9.58,11.17,11,220.9,1400
   832.0,8887,8,0,176,3.39,14.98,10.88,11.17,11,223.3,1400
   833.0,8890,5,0,178,4.45,14.98,9.07,11.17,11,222.0,1400
   834.0,8894,1,0,186,4.91,14.96,8.73,11.17,11,223.3,1400
   835.0,8894,1,0,191,2.86,14.96,8.88,11.16,11,221.5,1400
   836.0,8894,1,0,197,0.00,14.96,5.57,11.15,11,223.4,1400
   837.0,8894,1,0,208,0.00,14.96,10.18,11.15,11,223.0,1400
   838.0,8894,1,0,219,0.00,14.96,11.21,11.15,11,228.2,1400
   839.0,8894,1,0,228,0.00,14.96,10.98,11.15,11,225.9,1400
