QR-Stream run log
role: receiver
started: 2026-10-02T20:17:31.407025
duration: 146s

[device]
platform: android
osVersion: BP4A.251205.006.S948BXXS4AZHL
processors: 8
dartVersion: 3.10.4

[run]
fileName: (hidden).png
totalChunks: 971
transferId: 3850058249
payloadKind: file
chunkBytes: 1400

[events]
     0.0  run started
     7.2  CAL #1 seen (session 34939f61123f0ed6)
     7.2  CAL #1 summary: +43 new, 29 re-reads, 72 reads in 7.3s (9.9/s), 928 still missing
     8.7  relay push ok: cal #1, rev 1
    14.3  CAL #2 seen (session 34939f61123f0ed6)
    14.3  CAL #2 summary: +24 new, 32 re-reads, 56 reads in 2.9s (19.5/s), 904 still missing
    15.4  relay push ok: cal #2, rev 1
   128.1  END #3 seen (session 34939f61123f0ed6)
   128.1  round 1 summary: +834 new, 855 re-reads, 1689 reads in 111.8s (15.1/s), 70 still missing
   130.0  relay push ok: end #3, rev 1
   131.7  CHK #4 seen (session 34939f61123f0ed6)
   131.7  CHK #4 summary: +8 new, 4 re-reads, 12 reads in 0.6s (20.2/s), 62 still missing
   133.4  relay push ok: chk #4, rev 1
   144.9  complete: all 971 chunks received
   144.9  kept a copy at (path)
   146.1  relay push ok: done #0, rev 1
   146.1  session report sent

[samples] one row per second
t,received,missing,corrupt,dupes,liveKBps,avgKBps,decodesPerSec,avgDecodesPerSec,recommendedFps,rssMB,chunkBytesSeen
     1.0,2,969,0,4,2.74,0.00,6.00,6.00,0,224.1,1400
     2.0,2,969,0,9,1.37,0.00,5.01,5.50,0,227.3,1400
     3.0,3,968,0,11,5.47,1.41,4.19,4.67,0,227.8,1400
     4.0,4,967,0,25,2.50,1.60,11.39,7.25,0,231.9,1400
     5.0,9,962,0,29,5.18,2.48,13.11,7.60,7,234.4,1400
     6.0,25,946,0,29,22.66,5.87,13.05,9.00,9,233.7,1400
     7.0,41,930,0,29,24.41,8.40,17.86,10.00,10,238.5,1400
     8.0,43,928,0,29,12.50,8.18,9.15,9.00,10,246.8,1400
     9.0,43,928,0,29,1.51,8.18,1.10,8.00,10,249.2,1400
    10.0,43,928,0,29,0.00,8.18,0.00,7.20,10,220.3,1400
    11.0,43,928,0,29,0.00,8.18,0.00,6.54,10,221.3,1400
    12.0,51,920,0,33,19.85,5.89,21.78,7.00,7,226.1,1400
    13.0,59,912,0,45,14.12,6.23,20.66,8.00,8,225.4,1400
    14.0,63,908,0,57,11.28,6.34,18.34,8.57,8,227.6,1400
    15.0,67,904,0,61,7.74,6.49,13.09,8.53,9,241.2,1400
    16.0,67,904,0,61,2.89,6.49,4.23,8.00,9,235.4,1400
    17.0,75,896,0,69,16.57,6.04,24.24,8.47,8,239.1,1400
    18.0,83,888,0,77,13.18,6.32,19.28,8.89,9,242.2,1400
    19.0,91,880,0,85,14.23,6.57,18.17,9.26,9,244.6,1400
    20.0,95,876,0,97,10.41,6.62,17.80,9.60,9,245.2,1400
    21.0,103,868,0,105,11.93,6.87,17.52,9.90,10,249.8,1400
    22.0,111,860,0,116,11.50,6.99,18.40,10.32,10,217.0,1400
    23.0,119,852,0,128,11.25,7.16,20.06,10.74,11,219.5,1400
    24.0,127,844,0,136,11.67,7.34,19.20,10.96,11,220.6,1400
    25.0,135,836,0,148,12.39,7.46,20.39,11.32,11,224.5,1400
    26.0,139,832,0,153,9.63,7.38,15.45,11.23,11,227.0,1400
    27.0,143,828,0,154,8.88,7.29,9.70,11.00,11,235.3,1400
    28.0,147,824,0,164,9.16,7.24,13.81,11.11,11,240.6,1400
    29.0,155,816,0,172,13.37,7.35,15.11,11.28,11,243.5,1400
    30.0,163,808,0,178,13.74,7.44,16.57,11.37,11,247.1,1400
    31.0,170,801,0,186,15.95,7.51,14.87,11.48,11,249.0,1400
    32.0,175,796,0,197,10.27,7.58,17.09,11.63,11,251.2,1400
    33.0,187,784,0,205,12.43,7.76,19.25,11.88,12,220.4,1400
    34.0,191,780,0,217,11.06,7.82,18.21,12.00,12,223.0,1400
    35.0,199,772,0,225,10.20,7.87,17.79,12.11,12,224.8,1400
    36.0,211,760,0,233,14.04,8.03,18.48,12.33,12,229.3,1400
    37.0,219,752,0,245,13.82,8.10,20.22,12.54,12,233.0,1400
    38.0,223,748,0,257,11.25,8.11,19.41,12.63,12,235.7,1400
    39.0,231,740,0,265,11.71,8.19,17.44,12.72,13,238.3,1400
    40.0,239,732,0,273,11.61,8.21,16.99,12.80,13,242.1,1400
    41.0,247,724,0,285,11.11,8.30,18.28,12.98,13,244.5,1400
    42.0,255,716,0,293,12.54,8.37,18.65,13.05,13,249.1,1400
    43.0,263,708,0,301,12.06,8.39,17.64,13.12,13,250.6,1400
    44.0,271,700,0,309,13.41,8.45,17.06,13.18,13,220.2,1400
    45.0,279,692,0,317,13.28,8.51,16.71,13.24,13,221.8,1400
    46.0,279,692,0,322,6.49,8.51,10.82,13.07,13,225.6,1400
    47.0,291,680,0,326,20.18,8.48,10.76,13.13,13,227.7,1400
    48.0,299,672,0,334,15.08,8.53,17.65,13.19,13,230.9,1400
    49.0,303,668,0,340,10.39,8.48,14.06,13.12,13,234.2,1400
    50.0,311,660,0,347,14.07,8.54,13.49,13.16,13,236.1,1400
    51.0,319,652,0,354,11.08,8.57,15.20,13.19,13,239.3,1400
    52.0,327,644,0,360,11.18,8.61,14.83,13.21,13,243.1,1400
    53.0,335,636,0,372,11.44,8.70,17.78,13.34,13,246.5,1400
    54.0,343,628,0,380,11.82,8.74,19.46,13.39,13,249.2,1400
    55.0,348,623,0,380,9.80,8.68,11.58,13.24,13,253.2,1400
    56.0,356,615,0,388,12.73,8.73,15.04,13.29,13,221.0,1400
    57.0,364,607,0,400,13.19,8.78,19.18,13.40,13,222.9,1400
    58.0,372,599,0,408,12.70,8.79,18.29,13.45,13,227.4,1400
    59.0,376,595,0,420,10.20,8.82,17.55,13.49,13,228.7,1400
    60.0,388,583,0,428,12.85,8.85,18.93,13.60,13,232.4,1400
    61.0,392,579,0,440,10.95,8.88,18.02,13.64,13,235.5,1400
    62.0,400,571,0,442,9.93,8.84,13.94,13.58,13,237.9,1400
    63.0,412,559,0,446,14.23,8.96,13.53,13.62,13,241.9,1400
    64.0,416,555,0,458,11.65,8.95,17.05,13.66,13,244.5,1400
    65.0,428,543,0,466,15.08,9.00,18.92,13.75,14,247.6,1400
    66.0,432,539,0,471,11.30,8.95,14.99,13.68,14,250.8,1400
    67.0,436,535,0,483,10.84,8.97,13.99,13.72,14,222.1,1400
    68.0,444,527,0,487,10.75,8.96,15.97,13.69,14,223.6,1400
    69.0,448,523,0,493,9.07,8.97,12.16,13.64,14,225.5,1400
    70.0,459,512,0,493,12.11,9.00,10.65,13.60,14,228.4,1400
    71.0,467,504,0,501,14.71,9.00,15.29,13.63,14,230.6,1400
    72.0,475,496,0,509,13.02,9.06,16.32,13.67,14,233.7,1400
    73.0,483,488,0,517,12.23,9.06,17.89,13.70,14,236.1,1400
    74.0,491,480,0,525,13.66,9.08,17.35,13.73,14,240.3,1400
    75.0,499,472,0,533,13.42,9.11,17.00,13.76,14,243.5,1400
    76.0,507,464,0,541,13.49,9.14,17.27,13.79,14,247.8,1400
    77.0,515,456,0,549,13.65,9.15,17.08,13.82,14,249.4,1400
    78.0,523,448,0,553,14.26,9.18,15.37,13.79,14,252.7,1400
    79.0,527,444,0,561,11.82,9.18,14.43,13.77,14,222.8,1400
    80.0,535,436,0,569,10.56,9.19,15.09,13.80,14,224.3,1400
    81.0,543,428,0,577,11.23,9.20,16.43,13.83,14,226.3,1400
    82.0,551,420,0,577,11.63,9.23,12.76,13.76,14,229.2,1400
    83.0,559,412,0,585,13.25,9.24,14.53,13.78,14,231.7,1400
    84.0,567,404,0,593,13.53,9.26,16.52,13.81,14,238.0,1400
    85.0,575,396,0,597,12.37,9.27,15.83,13.79,14,238.2,1400
    86.0,583,388,0,605,12.42,9.29,15.90,13.81,14,241.7,1400
    87.0,587,384,0,613,10.11,9.30,14.47,13.79,14,245.5,1400
    88.0,598,373,0,621,11.95,9.30,15.56,13.85,14,247.5,1400
    89.0,606,365,0,629,13.17,9.32,17.74,13.88,14,250.9,1400
    90.0,614,357,0,637,13.81,9.34,17.57,13.90,14,219.2,1400
    91.0,622,349,0,645,13.66,9.35,17.31,13.92,14,223.9,1400
    92.0,626,345,0,653,10.31,9.35,15.20,13.90,14,226.8,1400
    93.0,632,339,0,653,9.23,9.32,10.08,13.82,14,228.2,1400
    94.0,644,327,0,661,12.72,9.37,13.44,13.88,14,230.2,1400
    95.0,652,319,0,669,13.78,9.39,18.14,13.91,14,233.3,1400
    96.0,656,315,0,677,10.89,9.40,15.91,13.89,14,236.7,1400
    97.0,668,303,0,685,14.11,9.42,17.71,13.95,14,239.4,1400
    98.0,672,299,0,697,11.12,9.40,18.29,13.97,14,242.3,1400
    99.0,680,291,0,705,12.66,9.42,17.67,13.99,14,246.8,1400
   100.0,688,283,0,713,12.22,9.43,17.88,14.01,14,248.7,1400
   101.0,696,275,0,721,12.46,9.45,18.23,14.03,14,251.0,1400
   102.0,704,267,0,725,12.10,9.46,15.49,14.01,14,221.6,1400
   103.0,712,259,0,733,12.19,9.47,15.61,14.03,14,222.2,1400
   104.0,720,251,0,740,12.94,9.47,15.99,14.04,14,225.5,1400
   105.0,728,243,0,748,13.62,9.49,17.02,14.06,14,227.3,1400
   106.0,736,235,0,756,13.49,9.50,17.00,14.08,14,231.5,1400
   107.0,740,231,0,764,10.10,9.50,15.19,14.06,14,235.5,1400
   108.0,748,223,0,772,10.89,9.51,15.19,14.07,14,237.2,1400
   109.0,756,215,0,780,10.97,9.52,16.05,14.09,14,241.1,1400
   110.0,764,207,0,788,11.13,9.53,16.28,14.11,14,244.5,1400
   111.0,770,201,0,792,9.58,9.50,13.01,14.07,14,248.4,1400
   112.0,778,193,0,794,9.88,9.51,10.33,14.04,14,250.6,1400
   113.0,786,185,0,796,12.77,9.52,11.68,14.00,14,253.8,1400
   114.0,794,177,0,804,13.36,9.53,15.88,14.02,14,222.8,1400
   115.0,802,169,0,812,13.33,9.54,17.04,14.03,14,225.9,1400
   116.0,810,161,0,816,13.54,9.56,14.82,14.02,14,228.3,1400
   117.0,814,157,0,823,10.88,9.56,12.55,13.99,14,229.4,1400
   118.0,826,145,0,827,14.08,9.58,14.82,14.01,14,233.2,1400
   119.0,834,137,0,835,14.17,9.58,16.58,14.03,14,236.7,1400
   120.0,838,133,0,843,10.74,9.59,15.69,14.01,14,239.4,1400
   121.0,846,125,0,851,11.15,9.59,16.02,14.02,14,242.5,1400
   122.0,854,117,0,859,11.16,9.60,16.32,14.04,14,245.7,1400
   123.0,862,109,0,871,11.35,9.62,18.68,14.09,14,249.6,1400
   124.0,870,101,0,875,11.71,9.62,17.13,14.07,14,254.3,1400
   125.0,878,93,0,887,12.56,9.63,18.38,14.12,14,221.1,1400
   126.0,886,85,0,891,12.36,9.64,16.05,14.10,14,223.4,1400
   127.0,894,77,0,903,12.22,9.64,17.88,14.15,14,227.0,1400
   128.0,901,70,0,913,11.16,9.64,18.63,14.17,14,228.2,1399
   129.0,901,70,0,916,5.06,9.64,11.22,14.09,14,245.1,1399
   130.0,901,70,0,916,0.00,9.64,1.52,13.98,14,243.1,1399
   131.0,901,70,0,916,0.00,9.64,0.00,13.87,14,244.0,1399
   132.0,909,62,0,920,12.47,9.43,13.68,13.86,14,248.1,1399
   133.0,909,62,0,920,5.83,9.43,6.39,13.75,14,252.3,1399
   134.0,909,62,0,920,0.00,9.43,0.00,13.65,14,251.1,1399
   135.0,909,62,0,920,0.00,9.43,0.00,13.55,14,252.4,1399
   136.0,913,58,0,920,21.88,9.18,16.00,13.48,14,256.7,1399
   137.0,917,54,0,932,10.52,9.17,19.23,13.50,14,237.5,1399
   138.0,925,46,0,940,12.09,9.19,17.54,13.51,14,228.3,1399
   139.0,933,38,0,948,11.26,9.20,16.48,13.53,14,226.4,1399
   140.0,941,30,0,955,11.37,9.20,16.11,13.54,14,231.3,1399
   141.0,949,22,0,959,12.44,9.22,15.36,13.53,14,235.4,1399
   142.0,957,14,0,971,12.40,9.23,18.14,13.58,14,237.2,1399
   143.0,965,6,0,979,12.28,9.24,18.14,13.59,14,241.0,1399
   144.0,967,4,0,989,7.74,9.21,15.86,13.58,14,242.8,1399
