QR-Stream run log
role: receiver
started: 2026-10-02T17:36:09.171175
duration: 305s

[device]
platform: android
osVersion: BP4A.251205.006.S948BXXS4AZHL
processors: 8
dartVersion: 3.10.4

[run]
fileName: (hidden).pdf
totalChunks: 1347
transferId: 3049934039
payloadKind: file
chunkBytes: 1400

[events]
     0.0  run started
    10.2  CAL #1 seen (session 38ecb34f4480e06a)
    10.2  CAL #1 summary: +1 new, 59 re-reads, 60 reads in 10.2s (5.9/s), 1346 still missing
    15.1  relay push ok: cal #1, rev 1
    20.7  CAL #2 seen (session 38ecb34f4480e06a)
    20.7  CAL #2 summary: +6 new, 46 re-reads, 52 reads in 10.5s (4.9/s), 1340 still missing
    22.6  relay push ok: cal #2, rev 1
   137.3  CHK #3 seen (session 38ecb34f4480e06a)
   137.3  CHK #3 summary: +468 new, 1464 re-reads, 1932 reads in 116.6s (16.6/s), 872 still missing
   139.6  relay push ok: chk #3, rev 1
   197.8  END #4 seen (session 38ecb34f4480e06a)
   197.8  round 1 summary: +417 new, 279 re-reads, 696 reads in 60.5s (11.5/s), 455 still missing
   200.2  relay push ok: end #4, rev 1
   223.2  CHK #5 seen (session 38ecb34f4480e06a)
   223.2  CHK #5 summary: +140 new, 114 re-reads, 254 reads in 25.4s (10.0/s), 315 still missing
   225.6  relay push ok: chk #5, rev 1
   272.8  END #6 seen (session 38ecb34f4480e06a)
   272.8  round 2 summary: +259 new, 266 re-reads, 525 reads in 49.7s (10.6/s), 56 still missing
   275.6  relay push ok: end #6, rev 1
   303.7  complete: all 1347 chunks received
   303.7  kept a copy at (path)
   305.9  relay push ok: done #0, rev 1
   305.9  session report sent

[samples] one row per second
t,received,missing,corrupt,dupes,liveKBps,avgKBps,decodesPerSec,avgDecodesPerSec,recommendedFps,rssMB,chunkBytesSeen
     1.0,1,1346,0,17,1.37,0.00,18.00,18.00,0,214.3,1400
     2.0,1,1346,0,17,0.68,0.00,8.99,9.00,0,229.9,1400
     3.0,1,1346,0,20,0.00,0.00,12.00,7.00,0,222.6,1400
     4.0,1,1346,0,24,0.00,0.00,5.70,6.25,0,228.9,1400
     5.0,1,1346,0,38,0.00,0.00,10.93,7.80,8,225.2,1400
     6.0,1,1346,0,53,0.00,0.00,16.12,9.00,9,228.7,1400
     7.0,1,1346,0,59,0.00,0.00,10.60,8.57,9,247.8,1400
     8.0,1,1346,0,59,0.00,0.00,3.04,7.50,9,250.9,1400
     9.0,1,1346,0,59,0.00,0.00,0.00,6.67,9,259.1,1400
    10.0,1,1346,0,59,0.00,0.00,0.00,6.00,9,257.3,1400
    11.0,1,1346,0,59,0.00,0.00,0.00,5.45,9,255.1,1400
    12.0,1,1346,0,59,0.00,0.00,0.00,5.00,9,264.8,1400
    13.0,1,1346,0,59,0.00,0.00,0.00,4.62,9,227.0,1400
    14.0,1,1346,0,59,0.00,0.00,0.00,4.29,9,218.3,1400
    15.0,1,1346,0,59,0.00,0.00,0.00,4.00,9,222.7,1400
    16.0,1,1346,0,59,0.00,0.00,0.00,3.75,9,224.0,1400
    17.0,1,1346,0,59,0.00,0.00,0.00,3.53,9,227.6,1400
    18.0,2,1345,0,67,3.33,0.16,21.95,3.83,4,233.3,1400
    19.0,4,1343,0,82,2.91,0.29,18.44,4.53,4,238.2,1400
    20.0,6,1341,0,95,3.12,0.42,16.61,5.05,5,240.9,1400
    21.0,7,1340,0,105,2.36,0.47,13.32,5.33,5,246.1,1400
    22.0,7,1340,0,105,0.79,0.47,5.65,5.09,5,245.2,1400
    23.0,7,1340,0,105,0.00,0.47,0.00,4.87,5,248.3,1400
    24.0,8,1339,0,106,1.90,0.47,2.78,4.75,5,260.9,1400
    25.0,10,1337,0,114,2.38,0.55,6.97,4.96,5,223.1,1400
    26.0,12,1335,0,133,3.71,0.64,21.03,5.58,5,230.2,1400
    27.0,14,1333,0,147,3.40,0.71,18.67,5.96,6,226.8,1400
    28.0,15,1332,0,162,2.50,0.75,16.38,6.32,6,229.1,1400
    29.0,18,1329,0,177,3.55,0.85,17.22,6.72,6,233.4,1400
    30.0,19,1328,0,194,2.84,0.88,18.66,7.10,7,236.4,1400
    31.0,22,1325,0,205,3.67,0.97,16.07,7.32,7,240.4,1400
    32.0,23,1324,0,224,2.88,1.00,17.93,7.72,8,241.0,1400
    33.0,26,1321,0,238,3.71,1.08,18.76,8.00,8,246.4,1400
    34.0,28,1319,0,253,3.61,1.13,17.98,8.26,8,245.6,1400
    35.0,29,1318,0,266,2.74,1.15,15.77,8.43,8,251.8,1400
    36.0,31,1316,0,282,2.77,1.19,16.14,8.69,8,221.5,1400
    37.0,33,1314,0,296,2.76,1.23,17.15,8.89,9,221.7,1400
    38.0,35,1312,0,312,2.83,1.27,17.57,9.13,9,224.6,1400
    39.0,37,1310,0,327,2.94,1.31,18.81,9.33,9,232.3,1400
    40.0,39,1308,0,345,3.04,1.34,19.09,9.60,9,229.5,1400
    41.0,41,1306,0,360,2.92,1.38,18.89,9.78,10,234.2,1400
    42.0,43,1304,0,378,3.03,1.41,18.75,10.02,10,240.2,1400
    43.0,45,1302,0,391,3.03,1.43,17.51,10.14,10,241.3,1400
    44.0,47,1300,0,409,3.13,1.47,17.98,10.36,10,249.0,1400
    45.0,49,1298,0,428,3.16,1.49,20.54,10.60,10,246.1,1400
    46.0,51,1296,0,442,3.21,1.52,18.68,10.72,10,216.6,1400
    47.0,53,1294,0,456,3.91,1.54,16.41,10.83,11,225.4,1400
    48.0,55,1292,0,471,3.41,1.57,16.92,10.96,11,222.5,1400
    49.0,56,1291,0,485,2.60,1.58,16.40,11.04,11,227.5,1400
    50.0,58,1289,0,498,2.65,1.60,15.51,11.12,11,236.7,1400
    51.0,60,1287,0,509,2.87,1.62,14.68,11.16,11,233.2,1400
    52.0,62,1285,0,525,2.84,1.65,16.11,11.29,11,237.3,1400
    53.0,64,1283,0,540,2.78,1.66,17.55,11.40,11,241.6,1400
    54.0,66,1281,0,556,2.92,1.69,18.67,11.52,11,246.1,1400
    55.0,68,1279,0,570,2.91,1.70,17.19,11.60,11,264.8,1400
    56.0,70,1277,0,583,2.89,1.72,15.53,11.66,11,249.8,1400
    57.0,72,1275,0,595,2.94,1.73,15.01,11.70,11,217.2,1400
    58.0,74,1273,0,607,3.11,1.75,14.09,11.74,12,220.8,1400
    59.0,76,1271,0,619,3.15,1.77,14.01,11.78,12,223.3,1400
    60.0,78,1269,0,633,3.30,1.78,15.04,11.85,12,227.0,1400
    61.0,80,1267,0,648,3.25,1.80,16.64,11.93,12,235.4,1400
    62.0,82,1265,0,669,3.17,1.82,22.30,12.11,12,240.9,1400
    63.0,84,1263,0,688,3.20,1.83,22.14,12.25,12,246.1,1400
    64.0,86,1261,0,708,3.42,1.84,21.82,12.41,12,244.1,1400
    65.0,88,1259,0,728,3.21,1.85,22.47,12.55,12,247.6,1400
    66.0,90,1257,0,749,3.22,1.87,22.74,12.71,12,246.4,1400
    67.0,92,1255,0,772,3.30,1.88,24.45,12.90,13,251.5,1400
    68.0,93,1254,0,790,2.52,1.89,22.26,12.99,13,221.2,1400
    69.0,95,1252,0,811,2.65,1.90,21.49,13.13,13,223.7,1400
    70.0,97,1250,0,829,2.75,1.91,21.59,13.23,13,228.3,1400
    71.0,99,1248,0,846,2.86,1.92,20.42,13.31,13,232.2,1400
    72.0,101,1246,0,866,2.91,1.93,21.82,13.43,13,239.8,1400
    73.0,103,1244,0,890,2.77,1.94,24.34,13.60,13,240.3,1400
    74.0,105,1242,0,907,2.77,1.95,22.83,13.68,13,252.9,1400
    75.0,107,1240,0,927,2.75,1.96,20.58,13.79,14,247.0,1400
    76.0,109,1238,0,948,2.86,1.97,23.56,13.91,14,253.1,1400
    77.0,111,1236,0,972,2.87,1.98,24.97,14.06,14,252.2,1400
    78.0,113,1234,0,990,2.94,1.99,23.13,14.14,14,217.5,1400
    79.0,115,1232,0,1012,3.15,2.00,22.65,14.27,14,223.8,1400
    80.0,117,1230,0,1032,3.08,2.00,23.26,14.36,14,224.9,1400
    81.0,119,1228,0,1057,3.22,2.01,24.72,14.52,14,228.1,1400
    82.0,121,1226,0,1075,3.20,2.02,23.88,14.59,14,234.3,1400
    83.0,123,1224,0,1094,3.30,2.03,20.71,14.66,14,237.0,1400
    84.0,125,1222,0,1117,3.51,2.04,23.58,14.79,15,242.8,1400
    85.0,127,1220,0,1145,3.46,2.05,27.78,14.96,15,244.3,1400
    86.0,129,1218,0,1172,3.48,2.05,29.65,15.13,15,244.1,1400
    87.0,131,1216,0,1197,3.48,2.06,28.15,15.26,15,252.5,1400
    88.0,132,1215,0,1223,2.83,2.06,27.16,15.40,15,218.9,1400
    89.0,134,1213,0,1247,2.83,2.07,26.75,15.52,15,228.1,1400
    90.0,136,1211,0,1273,2.80,2.08,27.61,15.66,15,226.5,1400
    91.0,138,1209,0,1300,2.82,2.08,29.43,15.80,16,228.8,1400
    92.0,140,1207,0,1325,2.83,2.09,28.04,15.92,16,234.7,1400
    93.0,142,1205,0,1350,2.88,2.10,27.33,16.04,16,234.2,1400
    94.0,144,1203,0,1375,3.11,2.10,27.45,16.16,16,240.5,1400
    95.0,146,1201,0,1399,3.05,2.11,26.77,16.26,16,243.4,1400
    96.0,148,1199,0,1421,3.15,2.11,25.38,16.34,16,248.1,1400
    97.0,150,1197,0,1442,3.39,2.12,23.71,16.41,16,252.1,1400
    98.0,152,1195,0,1465,3.31,2.12,24.06,16.50,16,219.3,1400
    99.0,154,1193,0,1487,3.38,2.13,25.91,16.58,16,221.9,1400
   100.0,161,1186,0,1502,8.04,2.20,23.20,16.63,16,231.5,1400
   101.0,170,1177,0,1507,13.76,2.30,18.12,16.60,16,230.9,1400
   102.0,177,1170,0,1508,11.16,2.37,11.22,16.52,16,237.1,1400
   103.0,177,1170,0,1508,4.84,2.37,4.05,16.36,16,237.3,1400
   104.0,188,1159,0,1511,15.24,2.47,14.18,16.34,16,237.6,1400
   105.0,199,1148,0,1519,15.14,2.59,16.61,16.36,16,239.0,1400
   106.0,210,1137,0,1522,15.07,2.71,16.53,16.34,16,263.1,1400
   107.0,219,1128,0,1523,13.87,2.80,12.17,16.28,16,242.0,1400
   108.0,224,1123,0,1525,9.87,2.84,8.51,16.19,16,244.6,1400
   109.0,234,1113,0,1526,10.93,2.94,9.59,16.15,16,219.7,1400
   110.0,245,1102,0,1528,14.48,3.05,12.10,16.12,16,219.6,1400
   111.0,254,1093,0,1529,14.76,3.13,12.41,16.06,16,222.6,1400
   112.0,261,1086,0,1530,10.95,3.19,9.01,15.99,16,224.3,1400
   113.0,271,1076,0,1532,13.37,3.28,10.11,15.96,16,227.9,1400
   114.0,280,1067,0,1535,13.68,3.36,12.64,15.92,16,231.6,1400
   115.0,289,1058,0,1535,12.84,3.44,10.95,15.86,16,233.6,1400
   116.0,303,1044,0,1536,15.98,3.58,12.20,15.85,16,237.7,1400
   117.0,309,1038,0,1536,13.72,3.61,10.54,15.77,16,240.0,1400
   118.0,312,1035,0,1536,6.21,3.62,4.54,15.66,16,242.1,1400
   119.0,317,1030,0,1539,5.97,3.65,6.00,15.60,16,243.4,1400
   120.0,325,1022,0,1542,9.06,3.70,9.68,15.56,16,245.3,1400
   121.0,336,1011,0,1543,13.40,3.80,11.86,15.53,16,224.4,1400
   122.0,346,1001,0,1546,14.52,3.88,12.64,15.51,16,222.5,1400
   123.0,354,993,0,1548,13.06,3.94,12.21,15.46,16,225.9,1400
   124.0,362,985,0,1548,11.22,3.99,9.23,15.40,16,227.6,1400
   125.0,369,978,0,1550,10.48,4.04,8.69,15.35,16,230.9,1400
   126.0,377,970,0,1550,10.45,4.09,8.66,15.29,16,234.9,1400
   127.0,378,969,0,1550,6.35,4.08,4.64,15.18,15,236.0,1400
   128.0,384,963,0,1550,6.96,4.11,5.09,15.11,15,236.8,1400
   129.0,394,953,0,1551,12.32,4.18,9.58,15.08,15,241.9,1400
   130.0,405,942,0,1554,15.82,4.26,13.77,15.07,15,244.6,1400
   131.0,417,930,0,1556,15.89,4.35,14.15,15.06,15,247.0,1400
   132.0,429,918,0,1558,17.52,4.45,14.95,15.05,15,250.7,1400
   133.0,439,908,0,1562,15.71,4.52,14.61,15.05,15,222.5,1400
   134.0,447,900,0,1563,14.14,4.56,13.21,15.00,15,225.6,1400
   135.0,459,888,0,1567,14.12,4.65,12.91,15.01,15,228.5,1400
   136.0,467,880,0,1568,13.83,4.70,12.65,14.96,15,229.5,1400
   137.0,473,874,0,1569,10.45,4.73,8.73,14.91,15,232.8,1400
   138.0,475,872,0,1569,5.95,4.73,4.89,14.81,15,237.7,1400
   139.0,475,872,0,1569,1.41,4.73,1.03,14.71,15,239.8,1400
   140.0,477,870,0,1570,10.94,4.66,12.00,14.62,15,248.1,1400
   141.0,485,862,0,1577,11.35,4.71,14.94,14.62,15,252.6,1400
   142.0,493,854,0,1581,12.23,4.75,15.09,14.61,15,256.5,1400
   143.0,500,847,0,1585,10.75,4.78,12.06,14.58,15,256.5,1400
   144.0,508,839,0,1590,10.45,4.82,12.23,14.57,15,260.2,1400
   145.0,512,835,0,1596,8.45,4.83,11.84,14.54,15,231.0,1400
   146.0,518,829,0,1597,7.13,4.86,8.69,14.49,15,234.5,1400
   147.0,524,823,0,1601,8.29,4.88,8.59,14.46,15,232.4,1400
   148.0,532,815,0,1607,9.99,4.92,12.52,14.45,15,238.3,1400
   149.0,537,810,0,1614,8.90,4.94,13.01,14.44,15,242.5,1400
   150.0,546,801,0,1622,9.74,4.98,14.76,14.45,15,247.8,1400
   151.0,553,794,0,1625,11.33,5.01,13.98,14.42,15,244.4,1400
   152.0,560,787,0,1627,10.00,5.04,9.93,14.39,15,246.4,1400
   153.0,569,778,0,1634,11.28,5.09,12.89,14.40,15,248.9,1400
   154.0,578,769,0,1642,13.18,5.13,17.67,14.42,15,252.7,1400
   155.0,587,760,0,1649,12.49,5.18,16.74,14.43,15,254.1,1400
   156.0,595,752,0,1657,11.63,5.22,16.02,14.44,15,227.6,1400
   157.0,602,745,0,1664,10.91,5.25,15.96,14.43,15,231.7,1400
   158.0,609,738,0,1668,10.02,5.27,12.73,14.41,15,230.5,1400
   159.0,620,727,0,1674,12.66,5.33,14.14,14.43,15,235.0,1400
   160.0,628,719,0,1679,13.07,5.37,15.09,14.42,15,237.9,1400
   161.0,635,712,0,1685,10.75,5.40,13.25,14.41,15,238.2,1400
   162.0,645,702,0,1692,13.81,5.45,15.05,14.43,15,247.0,1400
   163.0,653,694,0,1700,12.59,5.48,16.88,14.44,15,252.2,1400
   164.0,661,686,0,1705,11.36,5.51,15.06,14.43,15,247.8,1400
   165.0,671,676,0,1712,12.50,5.56,15.24,14.44,15,251.0,1400
   166.0,677,670,0,1718,11.37,5.58,15.07,14.43,15,253.5,1400
   167.0,686,661,0,1724,10.53,5.62,13.86,14.43,15,226.2,1400
   168.0,691,656,0,1727,9.89,5.63,11.89,14.39,15,227.5,1400
   169.0,698,649,0,1731,8.63,5.65,9.99,14.37,15,232.1,1400
   170.0,705,642,0,1735,9.71,5.68,11.16,14.35,15,232.8,1400
   171.0,713,634,0,1740,10.78,5.70,12.61,14.35,15,237.1,1400
   172.0,720,627,0,1745,10.91,5.72,13.30,14.33,15,237.6,1400
   173.0,728,619,0,1751,10.75,5.75,13.63,14.33,15,241.6,1400
   174.0,737,610,0,1759,12.31,5.79,16.42,14.34,15,243.4,1400
   175.0,745,602,0,1766,11.64,5.82,16.02,14.35,15,246.1,1400
   176.0,750,597,0,1769,8.96,5.83,11.60,14.31,15,251.3,1400
   177.0,756,591,0,1775,8.04,5.84,10.70,14.30,15,254.9,1400
   178.0,763,584,0,1782,10.13,5.87,14.81,14.30,15,256.1,1400
   179.0,771,576,0,1787,10.55,5.89,13.52,14.29,15,227.8,1400
   180.0,777,570,0,1795,9.87,5.91,13.92,14.29,15,228.0,1400
   181.0,783,564,0,1800,8.83,5.92,12.66,14.27,15,230.1,1400
   182.0,792,555,0,1805,10.66,5.95,13.00,14.27,15,235.7,1400
   183.0,796,551,0,1809,8.90,5.96,11.01,14.23,15,239.0,1400
   184.0,803,544,0,1810,7.87,5.97,8.15,14.20,14,258.3,1400
   185.0,811,536,0,1814,10.28,5.99,10.03,14.19,14,245.8,1400
   186.0,816,531,0,1815,10.47,6.01,10.61,14.15,14,245.3,1400
   187.0,821,526,0,1817,7.33,6.01,6.64,14.11,14,248.0,1400
   188.0,829,518,0,1821,9.10,6.03,9.73,14.10,14,247.7,1400
   189.0,835,512,0,1822,10.32,6.05,10.25,14.06,14,250.2,1400
   190.0,839,508,0,1825,6.99,6.05,7.16,14.02,14,252.8,1400
   191.0,844,503,0,1827,6.62,6.04,7.53,13.98,14,224.2,1400
   192.0,853,494,0,1832,11.43,6.08,12.54,13.98,14,224.9,1400
   193.0,860,487,0,1836,11.28,6.10,12.89,13.97,14,228.9,1400
   194.0,868,479,0,1840,10.36,6.12,11.62,13.96,14,231.1,1400
   195.0,876,471,0,1842,11.51,6.14,11.57,13.94,14,235.2,1400
   196.0,880,467,0,1842,8.33,6.14,7.11,13.89,14,237.6,1400
   197.0,887,460,0,1846,10.36,6.16,10.34,13.87,14,239.6,1400
   198.0,892,455,0,1848,8.09,6.16,9.19,13.84,14,246.6,1399
   199.0,892,455,0,1848,2.91,6.16,3.51,13.77,14,247.2,1399
   200.0,892,455,0,1848,0.00,6.16,0.00,13.70,14,252.0,1399
   201.0,897,450,0,1851,10.66,6.10,12.48,13.67,14,252.4,1399
   202.0,904,443,0,1858,10.00,6.11,13.41,13.67,14,253.6,1399
   203.0,912,435,0,1864,10.79,6.14,14.30,13.67,14,223.6,1399
   204.0,919,428,0,1873,10.36,6.16,15.15,13.69,14,224.3,1399
   205.0,924,423,0,1877,8.66,6.16,12.63,13.66,14,227.9,1399
   206.0,928,419,0,1877,6.31,6.16,6.67,13.62,14,230.1,1399
   207.0,935,412,0,1883,7.78,6.17,8.79,13.61,14,232.5,1399
   208.0,943,404,0,1890,10.72,6.19,14.64,13.62,14,236.7,1399
   209.0,948,399,0,1898,9.04,6.20,14.23,13.62,14,239.1,1399
   210.0,956,391,0,1905,9.20,6.22,14.18,13.62,14,243.4,1399
   211.0,962,385,0,1910,9.93,6.24,13.49,13.61,14,245.4,1399
   212.0,969,378,0,1916,9.37,6.25,12.25,13.61,14,247.8,1399
   213.0,974,373,0,1919,8.31,6.25,10.63,13.58,14,251.0,1399
   214.0,980,367,0,1921,8.46,6.26,9.00,13.56,14,255.0,1399
   215.0,986,361,0,1928,8.97,6.27,11.49,13.55,14,225.2,1399
   216.0,992,355,0,1933,8.34,6.28,12.20,13.54,14,226.7,1399
   217.0,999,348,0,1938,8.99,6.29,11.63,13.53,14,229.1,1399
   218.0,1005,342,0,1940,9.02,6.30,10.15,13.51,14,230.4,1399
   219.0,1010,337,0,1943,8.22,6.31,8.75,13.48,14,233.9,1399
   220.0,1015,332,0,1949,6.84,6.31,9.50,13.47,14,237.6,1399
   221.0,1021,326,0,1953,7.84,6.31,10.94,13.46,14,239.5,1399
   222.0,1027,320,0,1958,8.37,6.33,10.72,13.45,14,242.7,1399
   223.0,1032,315,0,1962,7.56,6.33,10.06,13.43,14,246.2,1399
   224.0,1032,315,0,1962,3.64,6.33,4.79,13.37,14,254.6,1399
   225.0,1032,315,0,1962,0.00,6.33,0.00,13.31,14,258.5,1399
   226.0,1034,313,0,1963,10.94,6.25,12.00,13.26,14,224.5,1399
   227.0,1040,307,0,1971,9.31,6.26,14.47,13.26,14,232.2,1399
   228.0,1045,302,0,1974,8.14,6.26,11.21,13.24,13,226.9,1399
   229.0,1051,296,0,1980,8.11,6.27,10.78,13.24,13,230.9,1399
   230.0,1058,289,0,1988,9.96,6.29,13.57,13.24,13,233.9,1399
   231.0,1064,283,0,1999,9.22,6.29,16.12,13.26,13,238.2,1399
   232.0,1070,277,0,2004,8.95,6.30,14.16,13.25,13,242.4,1399
   233.0,1076,271,0,2012,8.37,6.31,12.76,13.25,13,242.9,1399
   234.0,1083,264,0,2019,8.96,6.33,14.12,13.26,13,247.0,1399
   235.0,1087,260,0,2024,7.59,6.32,11.60,13.24,13,248.8,1399
   236.0,1093,254,0,2029,7.18,6.33,10.22,13.23,13,252.4,1399
   237.0,1098,249,0,2034,7.73,6.33,10.79,13.22,13,256.4,1399
   238.0,1104,243,0,2042,7.76,6.34,12.38,13.22,13,226.3,1399
   239.0,1110,237,0,2052,8.56,6.35,15.66,13.23,13,226.5,1399
   240.0,1116,231,0,2055,8.24,6.36,12.55,13.21,13,230.3,1399
   241.0,1123,224,0,2062,9.28,6.37,12.01,13.22,13,230.7,1399
   242.0,1128,219,0,2066,8.52,6.37,11.95,13.20,13,233.9,1399
   243.0,1134,213,0,2074,8.34,6.38,11.60,13.20,13,237.8,1399
   244.0,1141,206,0,2081,9.07,6.39,14.29,13.20,13,240.4,1399
   245.0,1145,202,0,2084,8.04,6.39,10.80,13.18,13,241.9,1399
   246.0,1149,198,0,2090,6.16,6.39,9.00,13.17,13,247.3,1399
   247.0,1155,192,0,2098,7.39,6.39,12.47,13.17,13,249.5,1399
   248.0,1159,188,0,2104,7.04,6.39,12.35,13.16,13,254.7,1399
   249.0,1165,182,0,2109,8.27,6.40,12.70,13.15,13,224.8,1399
   250.0,1171,176,0,2115,8.70,6.40,12.20,13.14,13,229.6,1399
   251.0,1178,169,0,2119,8.91,6.42,11.53,13.14,13,229.9,1399
   252.0,1183,164,0,2123,8.48,6.41,10.34,13.12,13,235.1,1399
   253.0,1187,160,0,2125,6.78,6.42,8.26,13.09,13,236.2,1399
   254.0,1193,154,0,2132,7.07,6.42,9.82,13.09,13,238.3,1399
   255.0,1199,148,0,2137,8.74,6.43,12.79,13.08,13,242.3,1399
   256.0,1203,144,0,2140,6.99,6.43,9.20,13.06,13,247.4,1399
   257.0,1208,139,0,2143,6.54,6.42,7.65,13.04,13,248.1,1399
   258.0,1214,133,0,2149,8.99,6.43,11.95,13.03,13,252.0,1399
   259.0,1219,128,0,2153,8.04,6.43,10.86,13.02,13,251.5,1399
   260.0,1224,123,0,2160,7.70,6.44,11.83,13.02,13,255.8,1399
   261.0,1229,118,0,2165,7.69,6.44,11.42,13.00,13,220.7,1399
   262.0,1235,112,0,2172,7.78,6.44,11.90,13.00,13,231.9,1399
   263.0,1240,107,0,2178,7.80,6.44,12.44,13.00,13,226.4,1399
   264.0,1245,102,0,2184,6.98,6.45,11.23,12.99,13,235.3,1399
   265.0,1249,98,0,2187,6.18,6.44,9.04,12.97,13,236.3,1399
   266.0,1254,93,0,2193,6.36,6.44,9.30,12.96,13,240.3,1399
   267.0,1260,87,0,2196,7.67,6.45,10.20,12.94,13,241.9,1399
   268.0,1264,83,0,2200,6.95,6.45,8.64,12.93,13,245.2,1399
   269.0,1270,77,0,2208,7.27,6.45,11.70,12.93,13,249.7,1399
   270.0,1276,71,0,2215,8.51,6.46,13.63,12.93,13,252.0,1399
   271.0,1282,65,0,2221,8.37,6.47,12.76,12.93,13,253.3,1399
   272.0,1288,59,0,2226,8.40,6.47,11.77,12.92,13,255.4,1399
   273.0,1291,56,0,2228,6.19,6.47,8.05,12.89,13,228.7,1399
   274.0,1291,56,0,2228,2.12,6.47,2.58,12.84,13,231.2,1399
   275.0,1291,56,0,2228,0.00,6.47,0.00,12.80,13,228.9,1399
   276.0,1291,56,0,2228,0.00,6.47,0.00,12.75,13,232.2,1399
   277.0,1291,56,0,2228,0.00,6.47,0.00,12.70,13,232.7,1399
   278.0,1291,56,0,2228,0.00,6.47,0.00,12.66,13,236.6,1399
   279.0,1293,54,0,2231,9.46,6.34,17.30,12.63,13,246.7,1399
   280.0,1298,49,0,2236,7.42,6.34,11.64,12.62,13,246.1,1399
   281.0,1303,44,0,2242,7.07,6.34,10.85,12.62,13,249.2,1399
   282.0,1308,39,0,2245,7.16,6.34,9.95,12.60,13,248.1,1399
   283.0,1312,35,0,2250,6.57,6.34,9.08,12.59,13,257.1,1399
   284.0,1318,29,0,2258,7.05,6.35,11.86,12.59,13,256.1,1399
   285.0,1325,22,0,2262,9.01,6.35,12.68,12.59,13,257.6,1399
   286.0,1329,18,0,2265,7.61,6.35,9.11,12.57,13,230.4,1399
   287.0,1334,13,0,2269,7.46,6.35,8.22,12.55,13,233.2,1399
   288.0,1338,9,0,2276,7.25,6.36,10.30,12.55,13,232.5,1399
   289.0,1339,8,0,2282,3.43,6.34,9.03,12.53,13,235.4,1399
   290.0,1340,7,0,2291,1.88,6.32,10.77,12.52,13,239.4,1399
   291.0,1341,6,0,2299,2.07,6.32,9.61,12.51,13,240.3,1399
   292.0,1343,4,0,2305,2.16,6.29,8.65,12.49,13,241.6,1399
   293.0,1343,4,0,2317,2.05,6.29,10.94,12.49,13,245.8,1399
   294.0,1343,4,0,2332,0.00,6.29,13.62,12.50,13,251.8,1399
   295.0,1344,3,0,2342,5.47,6.23,13.12,12.49,13,255.9,1399
   296.0,1344,3,0,2358,1.22,6.23,13.54,12.51,13,258.2,1399
   297.0,1345,2,0,2373,2.13,6.20,16.19,12.52,13,225.1,1399
   298.0,1345,2,0,2391,0.83,6.20,17.92,12.54,13,233.0,1399
   299.0,1345,2,0,2409,0.00,6.20,18.10,12.56,13,237.2,1399
   300.0,1345,2,0,2421,0.00,6.20,15.12,12.55,13,235.5,1399
   301.0,1346,1,0,2433,1.45,6.13,13.50,12.55,13,241.5,1399
   302.0,1346,1,0,2444,0.70,6.13,12.35,12.55,13,239.7,1399
   303.0,1346,1,0,2455,0.00,6.13,11.10,12.54,13,245.4,1399
