QR-Stream run log
role: receiver
started: 2026-10-02T21:17:45.189590
duration: 146s

[device]
platform: android
osVersion: BP4A.251205.006.S948BXXS4AZHL
processors: 8
dartVersion: 3.10.4

[run]
fileName: (hidden).png
totalChunks: 971
transferId: 3850058249
payloadKind: file
chunkBytes: 1400

[events]
     0.0  run started
    45.5  CAL #1 seen (session 3f2179ff96c5239a)
    45.5  CAL #1 summary: +34 new, 581 re-reads, 615 reads in 42.9s (14.3/s), 937 still missing
    47.3  relay push ok: cal #1, rev 1
    53.2  CAL #2 seen (session 3f2179ff96c5239a)
    53.2  CAL #2 summary: +32 new, 18 re-reads, 50 reads in 3.0s (16.9/s), 905 still missing
    54.6  relay push ok: cal #2, rev 1
   129.0  END #3 seen (session 3f2179ff96c5239a)
   129.0  round 1 summary: +782 new, 311 re-reads, 1093 reads in 72.7s (15.0/s), 123 still missing
   130.8  relay push ok: end #3, rev 1
   144.6  complete: all 971 chunks received
   144.7  kept a copy at (path)
   146.1  relay push ok: done #0, rev 1
   146.1  session report sent

[samples] one row per second
t,received,missing,corrupt,dupes,liveKBps,avgKBps,decodesPerSec,avgDecodesPerSec,recommendedFps,rssMB,chunkBytesSeen
     1.0,1,970,0,2,1.37,0.00,3.00,3.00,0,224.2,1400
     2.0,3,968,0,4,2.05,2.38,3.39,3.50,0,223.5,1400
     3.0,4,967,0,7,2.22,1.89,4.32,3.67,0,223.0,1400
     4.0,4,967,0,14,1.23,1.89,5.61,4.50,0,213.7,1400
     5.0,4,967,0,19,0.00,1.89,6.38,4.60,5,213.2,1400
     6.0,4,967,0,25,0.00,1.89,6.04,4.83,5,216.2,1400
     7.0,4,967,0,32,0.00,1.89,6.82,5.14,5,217.6,1400
     8.0,4,967,0,40,0.00,1.89,7.55,5.50,5,220.3,1400
     9.0,4,967,0,46,0.00,1.89,7.37,5.55,5,222.1,1400
    10.0,4,967,0,52,0.00,1.89,6.98,5.60,5,226.1,1400
    11.0,4,967,0,76,0.00,1.89,17.23,7.27,7,228.1,1400
    12.0,4,967,0,100,0.00,1.89,24.35,8.67,9,230.8,1400
    13.0,4,967,0,124,0.00,1.89,25.30,9.85,10,235.3,1400
    14.0,4,967,0,148,0.00,1.89,24.22,10.86,11,238.5,1400
    15.0,4,967,0,172,0.00,1.89,24.12,11.73,12,208.3,1400
    16.0,4,967,0,199,0.00,1.89,25.72,12.69,12,214.7,1400
    17.0,4,967,0,222,0.00,1.89,25.75,13.29,13,216.4,1400
    18.0,4,967,0,242,0.00,1.89,22.56,13.67,14,216.7,1400
    19.0,4,967,0,254,0.00,1.89,17.32,13.58,14,225.0,1400
    20.0,4,967,0,255,0.00,1.89,6.71,12.95,14,231.2,1400
    21.0,4,967,0,260,0.00,1.89,3.75,12.57,13,228.8,1400
    22.0,4,967,0,271,0.00,1.89,10.91,12.50,13,232.3,1400
    23.0,4,967,0,272,0.00,1.89,6.91,12.00,13,238.6,1400
    24.0,4,967,0,274,0.00,1.89,1.84,11.58,12,238.3,1400
    25.0,4,967,0,278,0.00,1.89,5.61,11.28,12,238.9,1400
    26.0,4,967,0,297,0.00,1.89,13.17,11.58,12,241.0,1400
    27.0,4,967,0,313,0.00,1.89,18.70,11.74,12,209.1,1400
    28.0,4,967,0,333,0.00,1.89,21.15,12.04,12,212.9,1400
    29.0,4,967,0,341,0.00,1.89,14.49,11.90,12,214.2,1400
    30.0,4,967,0,357,0.00,1.89,14.15,12.03,12,217.6,1400
    31.0,4,967,0,381,0.00,1.89,22.28,12.42,12,221.1,1400
    32.0,4,967,0,397,0.00,1.89,20.64,12.53,12,223.6,1400
    33.0,4,967,0,413,0.00,1.89,18.47,12.64,12,226.1,1400
    34.0,4,967,0,433,0.00,1.89,19.08,12.85,13,229.9,1400
    35.0,4,967,0,449,0.00,1.89,18.59,12.94,13,234.3,1400
    36.0,4,967,0,469,0.00,1.89,19.93,13.14,13,235.8,1400
    37.0,4,967,0,481,0.00,1.89,16.71,13.11,13,240.0,1400
    38.0,4,967,0,497,0.00,1.89,18.13,13.18,13,207.6,1400
    39.0,4,967,0,517,0.00,1.89,19.59,13.36,13,212.9,1400
    40.0,4,967,0,533,0.00,1.89,19.11,13.42,13,215.2,1400
    41.0,4,967,0,549,0.00,1.89,17.62,13.49,13,217.4,1400
    42.0,4,967,0,569,0.00,1.89,18.65,13.64,13,221.5,1400
    43.0,8,963,0,581,18.48,0.26,18.19,13.70,14,224.5,1400
    44.0,18,953,0,581,14.77,0.56,13.29,13.61,14,227.4,1400
    45.0,32,939,0,581,17.56,0.97,12.84,13.62,14,229.3,1400
    46.0,34,937,0,581,11.05,1.02,8.08,13.37,14,243.2,1400
    47.0,34,937,0,581,1.73,1.02,1.27,13.08,14,238.6,1400
    48.0,34,937,0,581,0.00,1.02,0.00,12.81,14,245.7,1400
    49.0,34,937,0,581,0.00,1.02,0.00,12.55,14,240.1,1400
    50.0,34,937,0,581,0.00,1.02,0.00,12.30,14,219.9,1400
    51.0,46,925,0,585,20.64,1.24,20.13,12.37,12,216.7,1400
    52.0,54,917,0,587,15.23,1.42,14.48,12.33,12,219.1,1400
    53.0,66,905,0,595,19.67,1.71,18.63,12.47,12,221.6,1400
    54.0,66,905,0,599,9.39,1.71,12.34,12.31,12,226.3,1400
    55.0,66,905,0,599,0.00,1.71,2.12,12.09,12,229.1,1400
    56.0,78,893,0,603,19.10,1.91,18.63,12.16,12,230.1,1400
    57.0,90,881,0,607,17.65,2.16,17.21,12.23,12,232.4,1400
    58.0,98,873,0,615,14.97,2.33,17.52,12.29,12,238.5,1400
    59.0,114,857,0,619,20.32,2.64,19.53,12.42,12,242.4,1400
    60.0,121,850,0,623,16.42,2.77,16.19,12.40,12,244.4,1400
    61.0,133,838,0,631,16.24,3.00,17.16,12.52,12,245.5,1400
    62.0,145,826,0,639,16.68,3.21,20.33,12.65,12,215.9,1400
    63.0,157,814,0,643,16.90,3.42,18.55,12.70,12,216.9,1400
    64.0,169,802,0,651,17.46,3.62,19.16,12.81,13,219.2,1400
    65.0,177,794,0,659,15.74,3.75,18.53,12.86,13,221.5,1400
    66.0,189,782,0,663,16.43,3.93,16.88,12.91,13,223.6,1400
    67.0,201,770,0,667,17.28,4.12,16.84,12.96,13,225.2,1400
    68.0,214,757,0,667,17.87,4.30,15.16,12.96,13,230.7,1400
    69.0,222,749,0,671,17.47,4.41,15.22,12.94,13,231.7,1400
    70.0,234,737,0,679,18.69,4.58,18.76,13.04,13,235.7,1400
    71.0,246,725,0,683,18.42,4.75,18.10,13.08,13,238.6,1400
    72.0,258,713,0,687,17.60,4.91,17.17,13.12,13,239.8,1400
    73.0,265,706,0,690,13.75,4.97,13.76,13.08,13,208.9,1400
    74.0,277,694,0,694,18.70,5.12,14.75,13.12,13,211.9,1400
    75.0,285,686,0,702,17.97,5.21,18.02,13.16,13,213.5,1400
    76.0,297,674,0,710,16.73,5.35,19.85,13.25,13,217.9,1400
    77.0,309,662,0,714,16.58,5.50,18.19,13.29,13,221.9,1400
    78.0,321,650,0,718,16.63,5.63,16.22,13.32,13,222.8,1400
    79.0,333,638,0,722,17.56,5.77,17.12,13.35,13,226.9,1400
    80.0,345,626,0,726,17.80,5.90,17.36,13.39,13,230.3,1400
    81.0,349,622,0,730,13.11,5.93,12.62,13.32,13,233.4,1400
    82.0,355,616,0,732,8.54,5.93,8.55,13.26,13,237.6,1400
    83.0,367,604,0,736,17.48,6.05,12.33,13.29,13,240.8,1400
    84.0,379,592,0,740,17.77,6.17,17.33,13.32,13,242.9,1400
    85.0,389,582,0,740,16.56,6.27,14.32,13.28,13,214.3,1400
    86.0,397,574,0,748,13.43,6.35,14.18,13.31,13,215.1,1400
    87.0,413,558,0,748,16.69,6.49,16.28,13.34,13,218.7,1400
    88.0,417,554,0,748,13.99,6.54,10.24,13.24,13,222.5,1400
    89.0,425,546,0,752,9.32,6.56,9.08,13.22,13,224.1,1400
    90.0,437,534,0,756,16.95,6.66,17.36,13.26,13,227.9,1400
    91.0,445,526,0,758,14.89,6.70,14.15,13.22,13,230.5,1400
    92.0,457,514,0,762,19.18,6.80,15.29,13.25,13,232.6,1400
    93.0,465,506,0,770,14.18,6.87,16.60,13.28,13,235.3,1400
    94.0,481,490,0,770,17.23,7.00,16.80,13.31,13,237.4,1400
    95.0,491,480,0,770,18.41,7.07,13.46,13.27,13,241.1,1400
    96.0,499,472,0,774,14.14,7.13,12.64,13.26,13,244.3,1400
    97.0,508,463,0,774,15.07,7.18,11.45,13.22,13,213.7,1400
    98.0,520,451,0,778,16.49,7.27,14.36,13.24,13,214.8,1400
    99.0,532,439,0,782,16.63,7.35,16.22,13.27,13,217.5,1400
   100.0,544,427,0,786,17.03,7.45,16.61,13.30,13,222.7,1400
   101.0,552,419,0,790,14.96,7.50,15.32,13.29,13,226.8,1400
   102.0,559,412,0,792,12.92,7.51,11.77,13.25,13,228.9,1400
   103.0,571,400,0,796,18.14,7.60,14.23,13.27,13,231.5,1400
   104.0,583,388,0,803,16.49,7.68,17.59,13.33,13,233.9,1400
   105.0,595,376,0,807,19.72,7.75,18.28,13.35,13,238.1,1400
   106.0,607,364,0,811,18.36,7.83,17.91,13.38,13,239.0,1400
   107.0,619,352,0,815,18.32,7.92,17.87,13.40,13,243.4,1400
   108.0,623,348,0,820,12.05,7.94,13.77,13.36,13,211.9,1400
   109.0,631,340,0,821,9.46,7.97,9.19,13.32,13,216.0,1400
   110.0,639,332,0,823,11.21,7.99,9.73,13.29,13,216.9,1400
   111.0,651,320,0,823,14.94,8.03,12.02,13.28,13,222.2,1400
   112.0,663,308,0,827,18.40,8.11,15.70,13.30,13,223.2,1400
   113.0,675,296,0,835,16.64,8.18,18.26,13.36,13,226.6,1400
   114.0,686,285,0,835,15.76,8.23,15.54,13.34,13,230.8,1400
   115.0,698,273,0,839,18.66,8.30,16.02,13.37,13,232.4,1400
   116.0,706,265,0,843,15.16,8.35,15.52,13.35,13,236.9,1400
   117.0,715,256,0,843,14.59,8.37,11.52,13.32,13,238.0,1400
   118.0,727,244,0,847,16.12,8.44,14.04,13.34,13,241.0,1400
   119.0,739,232,0,855,16.50,8.51,18.10,13.39,13,243.3,1400
   120.0,751,220,0,863,16.66,8.57,20.30,13.45,13,213.9,1400
   121.0,763,208,0,867,17.17,8.63,18.84,13.47,13,216.0,1400
   122.0,775,196,0,871,19.27,8.70,18.79,13.49,13,217.8,1400
   123.0,783,188,0,878,14.84,8.71,16.82,13.50,13,220.6,1400
   124.0,791,180,0,886,12.71,8.74,16.03,13.52,13,223.6,1400
   125.0,803,168,0,894,16.46,8.80,19.60,13.58,13,226.7,1400
   126.0,813,158,0,898,15.58,8.84,17.61,13.58,13,230.5,1400
   127.0,825,146,0,902,15.58,8.91,15.54,13.60,13,233.0,1400
   128.0,837,134,0,906,18.13,8.95,17.68,13.62,13,236.9,1400
   129.0,848,123,0,910,15.99,8.99,16.05,13.63,13,242.0,1399
   130.0,848,123,0,910,7.49,8.99,7.76,13.52,13,250.7,1399
   131.0,848,123,0,910,0.00,8.99,0.00,13.42,13,250.1,1399
   132.0,852,119,0,910,21.88,8.83,16.00,13.35,13,224.5,1399
   133.0,860,111,0,918,15.08,8.86,18.37,13.37,13,218.5,1399
   134.0,870,101,0,918,15.16,8.88,14.02,13.34,13,222.3,1399
   135.0,882,89,0,922,16.23,8.95,14.03,13.36,13,224.1,1399
   136.0,894,77,0,926,17.77,9.00,17.33,13.38,13,226.7,1399
   137.0,902,69,0,930,15.71,9.03,16.08,13.37,13,229.3,1399
   138.0,918,53,0,930,19.05,9.10,16.26,13.39,13,233.6,1399
   139.0,930,41,0,938,20.00,9.14,18.81,13.44,13,236.7,1399
   140.0,942,29,0,942,19.38,9.20,18.67,13.46,13,239.9,1399
   141.0,950,21,0,946,18.00,9.22,16.03,13.45,13,243.0,1399
   142.0,962,9,0,950,18.23,9.27,16.65,13.46,13,244.9,1399
   143.0,969,2,0,958,13.14,9.30,15.68,13.48,13,215.9,1399
   144.0,969,2,0,978,5.09,9.30,18.63,13.52,13,221.2,1399
