QR-Stream run log
role: receiver
started: 2026-10-02T22:31:58.993935
duration: 85s

[device]
platform: android
osVersion: BP4A.251205.006.S948BXXS4AZHL
processors: 8
dartVersion: 3.10.4

[run]
fileName: (hidden).png
totalChunks: 971
transferId: 3850058249
payloadKind: file
chunkBytes: 1400

[events]
     0.0  run started
     0.0  HEL #0 seen (session 422024697afa0b9a)
     0.0  HEL #0 summary: +0 new, 0 re-reads, 0 reads in 0.0s (0.0/s), 971 still missing
     4.9  start tapped: 0 of 971 held
     6.4  relay push ok: hel #0, rev 1
    11.9  CAL #1 seen (session 422024697afa0b9a)
    11.9  CAL #1 summary: +65 new, 4 re-reads, 69 reads in 3.0s (22.7/s), 906 still missing
    13.0  relay push ok: cal #1, rev 1
    17.0  CAL #2 seen (session 422024697afa0b9a)
    17.0  CAL #2 summary: +52 new, 38 re-reads, 90 reads in 3.2s (28.3/s), 854 still missing
    18.3  relay push ok: cal #2, rev 1
    64.3  END #3 seen (session 422024697afa0b9a)
    64.3  round 1 summary: +727 new, 185 re-reads, 912 reads in 45.5s (20.0/s), 127 still missing
    65.7  relay push ok: end #3, rev 1
    81.1  END #4 seen (session 422024697afa0b9a)
    81.1  round 2 summary: +126 new, 126 re-reads, 252 reads in 13.5s (18.6/s), 1 still missing
    82.8  relay push ok: end #4, rev 1
    84.0  complete: all 971 chunks received
    84.0  kept a copy at (path)
    85.3  relay push ok: done #0, rev 1
    85.3  session report sent

[samples] one row per second
t,received,missing,corrupt,dupes,liveKBps,avgKBps,decodesPerSec,avgDecodesPerSec,recommendedFps,rssMB,chunkBytesSeen
     1.0,0,971,0,0,0.00,0.00,0.00,0.00,0,234.1,0
     2.0,0,971,0,0,0.00,0.00,0.00,0.00,0,205.7,0
     3.0,0,971,0,0,0.00,0.00,0.00,0.00,0,205.6,0
     4.0,0,971,0,0,0.00,0.00,0.00,0.00,0,208.6,0
     5.0,0,971,0,0,0.00,0.00,0.00,0.00,0,220.4,0
     6.0,0,971,0,0,0.00,0.00,0.00,0.00,0,221.5,0
     7.0,0,971,0,0,0.00,0.00,0.00,0.00,0,214.4,0
     8.0,0,971,0,0,0.00,0.00,0.00,0.00,0,217.6,0
     9.0,4,967,0,0,21.88,0.00,16.00,26.67,0,221.6,1400
    10.0,21,950,0,0,25.08,28.57,18.26,18.26,0,226.4,1400
    11.0,41,930,0,0,28.32,27.09,20.72,19.07,0,230.2,1400
    12.0,65,906,0,4,31.10,30.82,24.81,21.90,0,234.3,1400
    13.0,65,906,0,4,17.16,30.82,14.64,16.63,0,238.6,1400
    14.0,69,902,0,8,21.62,19.29,31.62,14.95,15,201.8,1400
    15.0,89,882,0,20,26.19,19.99,31.92,17.72,18,204.1,1400
    16.0,101,870,0,35,22.17,19.84,29.90,19.02,19,209.4,1400
    17.0,117,854,0,42,23.06,20.31,28.31,19.51,20,219.7,1400
    18.0,117,854,0,42,11.44,20.31,12.03,17.38,20,221.5,1400
    19.0,125,846,0,42,43.75,16.94,32.00,16.45,16,221.3,1400
    20.0,133,838,0,50,18.35,16.60,20.13,16.41,16,223.9,1400
    21.0,153,818,0,58,21.43,17.29,22.67,17.36,17,227.9,1400
    22.0,173,798,0,66,28.71,18.02,29.40,18.17,18,229.3,1400
    23.0,185,786,0,72,22.77,17.96,23.95,18.15,18,233.5,1400
    24.0,197,774,0,78,21.57,17.94,21.82,18.15,18,236.7,1400
    25.0,216,755,0,86,27.24,18.34,26.50,18.70,18,202.9,1400
    26.0,232,739,0,94,24.09,18.79,25.68,19.01,19,209.1,1400
    27.0,252,719,0,102,26.46,19.11,27.96,19.50,19,211.3,1400
    28.0,268,703,0,110,25.06,19.36,26.48,19.74,20,215.2,1400
    29.0,285,686,0,118,24.53,19.50,24.70,20.00,20,216.4,1400
    30.0,301,670,0,126,24.19,19.56,26.27,20.19,20,221.2,1400
    31.0,321,650,0,126,26.49,19.95,23.68,20.18,20,224.7,1400
    32.0,333,638,0,127,22.52,19.77,16.98,19.87,20,227.2,1400
    33.0,349,622,0,131,19.24,19.97,16.58,19.88,20,230.5,1400
    34.0,365,606,0,137,22.59,19.99,21.68,19.96,20,233.8,1400
    35.0,385,586,0,141,29.35,20.22,24.95,20.11,20,200.1,1400
    36.0,401,570,0,149,26.19,20.38,25.55,20.26,20,211.6,1400
    37.0,421,550,0,149,27.57,20.57,22.60,20.25,20,211.4,1400
    38.0,437,534,0,157,25.38,20.60,22.69,20.38,20,216.0,1400
    39.0,443,528,0,157,16.70,20.19,15.02,19.90,20,220.1,1400
    40.0,467,504,0,161,23.75,20.51,19.69,20.16,20,221.9,1400
    41.0,479,492,0,165,24.76,20.60,22.13,20.03,20,226.2,1400
    42.0,487,484,0,170,16.07,20.37,15.76,19.82,20,230.0,1400
    43.0,505,466,0,170,21.85,20.25,17.22,19.77,20,232.6,1400
    44.0,521,450,0,178,25.72,20.39,23.24,19.89,20,236.5,1400
    45.0,541,430,0,182,26.81,20.47,26.14,20.00,20,238.5,1400
    46.0,561,410,0,186,29.66,20.65,26.03,20.11,20,208.5,1400
    47.0,573,398,0,194,23.79,20.54,23.93,20.10,20,210.5,1400
    48.0,593,378,0,194,28.14,20.76,22.94,20.10,20,215.1,1400
    49.0,606,365,0,194,24.78,20.69,18.12,19.93,20,216.6,1400
    50.0,626,345,0,194,27.29,20.86,19.96,19.93,20,220.4,1400
    51.0,646,325,0,198,28.62,20.96,23.02,20.02,20,223.0,1400
    52.0,662,309,0,202,25.53,21.04,22.82,20.02,20,227.3,1400
    53.0,670,301,0,208,17.64,20.82,18.28,19.89,20,231.7,1400
    54.0,690,281,0,212,25.71,20.93,22.54,19.98,20,232.4,1400
    55.0,698,273,0,215,19.22,21.00,17.57,19.78,20,236.7,1400
    56.0,714,257,0,215,17.50,20.73,14.40,19.70,20,240.0,1400
    57.0,728,243,0,215,21.16,20.70,15.48,19.58,20,206.2,1400
    58.0,744,227,0,219,22.17,20.70,18.38,19.59,20,210.0,1400
    59.0,756,215,0,219,20.95,20.82,17.52,19.44,20,213.3,1400
    60.0,773,198,0,219,21.43,20.72,15.68,19.39,20,215.5,1400
    61.0,785,186,0,220,20.41,20.60,15.44,19.27,19,219.8,1400
    62.0,801,170,0,220,19.58,20.70,14.83,19.21,19,221.6,1400
    63.0,821,150,0,220,26.63,20.80,19.48,19.22,19,223.6,1400
    64.0,837,134,0,224,24.67,20.82,20.05,19.24,19,227.7,1400
    65.0,844,127,0,227,15.48,20.86,15.03,19.07,19,238.8,1399
    66.0,844,127,0,227,4.59,20.86,5.10,18.74,19,238.0,1399
    67.0,844,127,0,227,0.00,20.86,0.00,18.42,19,241.0,1399
    68.0,856,115,0,227,36.46,19.79,26.67,18.31,19,243.2,1399
    69.0,872,99,0,231,26.42,19.81,22.07,18.34,19,210.3,1399
    70.0,888,83,0,231,23.66,19.90,19.47,18.30,19,212.4,1399
    71.0,908,63,0,231,27.51,20.03,20.12,18.33,19,216.9,1399
    72.0,928,43,0,231,27.47,20.13,20.09,18.35,19,215.3,1399
    73.0,948,23,0,231,27.79,20.24,20.33,18.38,19,221.6,1399
    74.0,956,15,0,233,19.53,20.29,15.31,18.25,19,224.0,1399
    75.0,958,13,0,244,7.02,20.05,11.81,18.17,18,226.7,1399
    76.0,958,13,0,264,1.47,20.05,17.73,18.20,18,230.3,1399
    77.0,958,13,0,284,0.00,20.05,20.89,18.22,18,233.2,1399
    78.0,958,13,0,304,0.00,20.05,20.81,18.25,18,236.9,1399
    79.0,958,13,0,324,0.00,20.05,21.41,18.28,18,239.6,1399
    80.0,958,13,0,344,0.00,20.05,22.04,18.30,18,208.9,1399
    81.0,969,2,0,353,18.14,18.42,21.91,18.32,18,213.3,1399
    82.0,970,1,0,353,8.97,18.37,11.48,18.09,18,218.5,1399
    83.0,970,1,0,353,0.70,18.37,0.51,17.84,18,222.7,1399
