QR-Stream run log
role: receiver
started: 2026-10-02T18:02:12.024703
duration: 232s

[device]
platform: android
osVersion: BP4A.251205.006.S948BXXS4AZHL
processors: 8
dartVersion: 3.10.4

[run]
fileName: (hidden).png
totalChunks: 971
transferId: 3850058249
payloadKind: file
chunkBytes: 1400

[events]
     0.0  run started
     5.3  CAL #1 seen (session 53e7591a0d1c6a00)
     5.3  CAL #1 summary: +21 new, 69 re-reads, 90 reads in 5.3s (17.0/s), 950 still missing
     7.3  relay push ok: cal #1, rev 1
    11.0  CAL #2 seen (session 53e7591a0d1c6a00)
    11.0  CAL #2 summary: +23 new, 10 re-reads, 33 reads in 5.7s (5.7/s), 927 still missing
    13.0  relay push ok: cal #2, rev 1
    16.6  CAL #3 seen (session 53e7591a0d1c6a00)
    16.6  CAL #3 summary: +14 new, 44 re-reads, 58 reads in 5.5s (10.5/s), 913 still missing
    18.7  relay push ok: cal #3, rev 1
    22.5  CAL #4 seen (session 53e7591a0d1c6a00)
    22.5  CAL #4 summary: +22 new, 26 re-reads, 48 reads in 5.9s (8.1/s), 891 still missing
    24.4  relay push ok: cal #4, rev 1
    28.1  CAL #5 seen (session 53e7591a0d1c6a00)
    28.1  CAL #5 summary: +17 new, 25 re-reads, 42 reads in 5.5s (7.6/s), 874 still missing
    30.2  relay push ok: cal #5, rev 1
   129.4  CHK #6 seen (session 53e7591a0d1c6a00)
   129.4  CHK #6 summary: +607 new, 767 re-reads, 1374 reads in 101.3s (13.6/s), 267 still missing
   131.7  relay push ok: chk #6, rev 1
   145.3  END #7 seen (session 53e7591a0d1c6a00)
   145.3  round 1 summary: +90 new, 95 re-reads, 185 reads in 15.9s (11.6/s), 177 still missing
   147.9  relay push ok: end #7, rev 1
   174.4  END #8 seen (session 53e7591a0d1c6a00)
   174.4  round 2 summary: +81 new, 72 re-reads, 153 reads in 29.1s (5.2/s), 96 still missing
   177.0  relay push ok: end #8, rev 1
   229.7  complete: all 971 chunks received
   229.7  kept a copy at (path)
   232.0  relay push ok: done #0, rev 1
   232.0  session report sent

[samples] one row per second
t,received,missing,corrupt,dupes,liveKBps,avgKBps,decodesPerSec,avgDecodesPerSec,recommendedFps,rssMB,chunkBytesSeen
     1.0,1,970,0,10,1.37,0.00,10.99,10.99,0,220.4,1400
     2.0,1,970,0,33,0.68,0.00,21.71,17.00,0,212.7,1400
     3.0,4,967,0,45,7.62,1.97,19.02,16.33,0,215.5,1400
     4.0,12,959,0,52,9.75,4.18,15.10,15.98,0,213.8,1400
     5.0,19,952,0,66,11.19,5.31,19.64,17.00,17,219.0,1400
     6.0,21,950,0,69,6.55,5.55,13.10,15.00,17,223.1,1400
     7.0,21,950,0,69,1.42,5.55,2.53,12.86,17,221.5,1400
     8.0,22,949,0,69,5.47,3.80,4.00,11.37,11,228.1,1400
     9.0,29,942,0,72,10.10,4.41,10.16,11.22,11,233.1,1400
    10.0,36,935,0,77,10.70,4.94,11.06,11.30,11,233.8,1400
    11.0,44,927,0,78,10.31,5.52,10.55,11.09,11,236.5,1400
    12.0,44,927,0,79,6.12,5.52,5.60,10.25,11,237.9,1400
    13.0,44,927,0,79,0.00,5.52,0.50,9.46,11,207.1,1400
    14.0,46,925,0,82,8.41,4.52,15.38,9.14,9,214.8,1400
    15.0,51,920,0,97,7.22,4.69,18.87,9.87,10,219.9,1400
    16.0,55,916,0,113,6.24,4.75,20.29,10.50,10,222.7,1400
    17.0,58,913,0,123,5.08,4.84,16.66,10.65,11,228.2,1400
    18.0,58,913,0,123,2.10,4.84,6.65,10.06,11,226.8,1400
    19.0,58,913,0,123,0.00,4.84,0.00,9.53,11,230.6,1400
    20.0,62,909,0,126,10.03,4.27,12.84,9.40,9,236.1,1400
    21.0,70,901,0,134,10.62,4.56,14.89,9.71,9,238.6,1400
    22.0,77,894,0,145,10.40,4.79,17.25,10.09,10,239.4,1400
    23.0,80,891,0,149,7.19,4.90,12.55,9.96,10,244.3,1400
    24.0,80,891,0,149,2.08,4.90,3.54,9.54,10,213.1,1400
    25.0,80,891,0,149,0.00,4.90,0.00,9.16,10,216.7,1400
    26.0,87,884,0,157,9.67,4.58,15.15,9.38,9,221.9,1400
    27.0,92,879,0,170,8.24,4.70,16.58,9.70,10,226.2,1400
    28.0,97,874,0,174,6.99,4.75,13.66,9.68,10,225.5,1400
    29.0,97,874,0,174,3.73,4.75,4.91,9.34,10,227.8,1400
    30.0,97,874,0,174,0.00,4.75,0.00,9.03,10,226.3,1400
    31.0,100,871,0,178,12.10,4.43,20.65,8.97,9,233.9,1400
    32.0,108,863,0,186,11.23,4.63,17.18,9.19,9,236.8,1400
    33.0,114,857,0,197,9.67,4.74,16.67,9.42,9,240.2,1400
    34.0,122,849,0,206,10.30,4.92,17.17,9.65,9,242.1,1400
    35.0,129,842,0,214,10.64,5.06,16.04,9.80,10,242.1,1400
    36.0,138,833,0,222,11.49,5.24,16.81,10.00,10,214.6,1400
    37.0,144,827,0,236,10.27,5.35,18.54,10.27,10,216.5,1400
    38.0,151,820,0,242,9.64,5.45,16.60,10.34,10,218.3,1400
    39.0,159,812,0,249,10.46,5.58,14.29,10.46,10,224.9,1400
    40.0,167,804,0,260,11.03,5.71,17.15,10.67,10,225.7,1400
    41.0,174,797,0,268,10.57,5.82,17.23,10.78,11,227.8,1400
    42.0,181,790,0,276,10.02,5.90,15.70,10.88,11,231.8,1400
    43.0,190,781,0,289,11.38,6.04,18.54,11.14,11,241.3,1400
    44.0,197,774,0,304,11.00,6.13,22.12,11.39,11,264.2,1400
    45.0,203,768,0,310,9.45,6.18,17.22,11.40,11,253.6,1400
    46.0,210,761,0,315,9.42,6.24,12.38,11.41,11,246.3,1400
    47.0,217,754,0,335,10.24,6.32,20.20,11.74,12,218.4,1400
    48.0,225,746,0,347,10.83,6.41,23.71,11.92,12,218.7,1400
    49.0,231,740,0,359,9.80,6.46,19.46,12.04,12,221.5,1400
    50.0,238,733,0,366,9.56,6.53,16.30,12.08,12,230.8,1400
    51.0,246,725,0,374,10.30,6.60,15.06,12.16,12,231.3,1400
    52.0,254,717,0,383,10.95,6.68,16.52,12.25,12,229.7,1400
    53.0,259,712,0,393,9.62,6.69,16.73,12.30,12,239.6,1400
    54.0,266,705,0,403,9.05,6.75,16.19,12.39,12,238.2,1400
    55.0,273,698,0,411,9.79,6.80,16.36,12.44,12,242.7,1400
    56.0,281,690,0,425,10.61,6.87,19.14,12.61,12,250.2,1400
    57.0,288,683,0,435,10.54,6.91,20.05,12.68,12,214.1,1400
    58.0,296,675,0,440,10.55,6.98,15.43,12.69,12,217.4,1400
    59.0,302,669,0,445,9.85,7.01,12.35,12.66,12,226.8,1400
    60.0,309,662,0,450,10.19,7.06,11.75,12.65,12,228.1,1400
    61.0,316,655,0,454,9.67,7.09,11.62,12.62,12,229.7,1400
    62.0,322,649,0,464,10.29,7.14,15.63,12.68,12,234.1,1400
    63.0,331,640,0,470,10.68,7.19,15.73,12.71,12,237.7,1400
    64.0,338,633,0,479,10.95,7.22,15.52,12.77,13,240.5,1400
    65.0,346,625,0,493,10.78,7.28,19.04,12.91,13,240.3,1400
    66.0,354,617,0,509,11.38,7.34,23.93,13.08,13,246.8,1400
    67.0,361,610,0,521,10.35,7.38,21.71,13.16,13,247.9,1400
    68.0,370,601,0,534,11.44,7.44,21.44,13.29,13,253.3,1400
    69.0,377,594,0,544,11.24,7.49,20.03,13.35,13,222.2,1400
    70.0,385,586,0,553,10.66,7.52,17.03,13.40,13,225.6,1400
    71.0,392,579,0,568,10.36,7.56,19.71,13.52,13,227.8,1400
    72.0,397,574,0,574,8.74,7.58,16.57,13.49,13,235.9,1400
    73.0,397,574,0,574,3.56,7.58,5.74,13.30,13,235.3,1400
    74.0,397,574,0,574,0.00,7.58,0.00,13.12,13,239.0,1400
    75.0,397,574,0,574,0.00,7.58,0.00,12.95,13,234.7,1400
    76.0,397,574,0,574,0.00,7.58,0.00,12.78,13,245.5,1400
    77.0,397,574,0,574,0.00,7.58,0.00,12.61,13,244.3,1400
    78.0,397,574,0,574,0.00,7.58,0.00,12.45,13,249.8,1400
    79.0,397,574,0,574,0.00,7.58,0.00,12.29,13,248.4,1400
    80.0,397,574,0,574,0.00,7.58,0.00,12.14,13,262.7,1400
    81.0,397,574,0,574,0.00,7.58,0.00,11.99,13,227.2,1400
    82.0,403,568,0,584,8.85,6.73,17.26,12.04,12,232.9,1400
    83.0,411,560,0,593,9.92,6.77,17.10,12.10,12,222.6,1400
    84.0,417,554,0,602,9.85,6.80,16.46,12.13,12,225.3,1400
    85.0,422,549,0,605,7.93,6.80,11.68,12.08,12,228.4,1400
    86.0,429,542,0,613,8.63,6.83,12.09,12.12,12,231.9,1400
    87.0,436,535,0,621,9.58,6.86,15.01,12.15,12,232.7,1400
    88.0,443,528,0,630,9.83,6.90,15.91,12.19,12,234.9,1400
    89.0,449,522,0,634,8.93,6.91,13.06,12.17,12,238.3,1400
    90.0,455,516,0,638,8.28,6.92,10.10,12.14,12,241.7,1400
    91.0,462,509,0,646,9.21,6.95,12.96,12.18,12,245.8,1400
    92.0,470,501,0,655,10.64,6.99,16.60,12.23,12,253.7,1400
    93.0,477,494,0,664,10.49,7.02,16.88,12.27,12,227.2,1400
    94.0,484,487,0,672,10.20,7.05,15.74,12.30,12,225.0,1400
    95.0,490,481,0,680,9.29,7.05,15.16,12.32,12,227.6,1400
    96.0,497,474,0,692,9.08,7.08,16.85,12.39,12,233.8,1400
    97.0,504,467,0,705,9.98,7.12,20.01,12.46,12,236.6,1400
    98.0,512,459,0,711,10.60,7.15,17.57,12.48,12,237.1,1400
    99.0,519,452,0,718,10.58,7.17,14.45,12.49,12,242.5,1400
   100.0,526,445,0,730,9.61,7.20,16.57,12.56,12,242.9,1400
   101.0,531,440,0,737,9.08,7.21,15.52,12.55,12,246.3,1400
   102.0,539,432,0,748,9.38,7.23,16.37,12.62,12,250.6,1400
   103.0,547,424,0,753,11.57,7.27,16.93,12.62,12,252.7,1400
   104.0,553,418,0,762,10.02,7.28,14.65,12.64,12,225.5,1400
   105.0,561,410,0,772,10.47,7.31,16.80,12.69,12,227.8,1400
   106.0,567,404,0,782,9.62,7.32,17.09,12.73,12,230.2,1400
   107.0,573,398,0,794,8.85,7.33,17.34,12.78,13,227.5,1400
   108.0,581,390,0,805,9.73,7.36,18.80,12.83,13,234.7,1400
   109.0,588,383,0,811,10.63,7.38,16.58,12.83,13,235.3,1400
   110.0,593,378,0,819,8.45,7.37,13.03,12.84,13,242.7,1400
   111.0,596,375,0,824,5.63,7.38,10.53,12.79,13,243.5,1400
   112.0,596,375,0,824,2.17,7.38,4.15,12.68,13,244.6,1400
   113.0,596,375,0,824,0.00,7.38,0.00,12.57,13,245.4,1400
   114.0,601,370,0,830,12.25,7.22,19.71,12.55,13,249.1,1400
   115.0,608,363,0,839,10.54,7.24,17.34,12.58,13,255.0,1400
   116.0,615,356,0,849,9.69,7.26,16.70,12.62,13,224.4,1400
   117.0,622,349,0,854,9.58,7.27,14.52,12.62,13,225.5,1400
   118.0,628,343,0,857,9.60,7.28,11.34,12.58,13,229.1,1400
   119.0,632,339,0,862,7.20,7.27,9.47,12.55,13,232.4,1400
   120.0,639,332,0,869,7.73,7.29,11.52,12.57,13,233.7,1400
   121.0,647,324,0,879,11.10,7.32,17.33,12.61,13,234.4,1400
   122.0,654,317,0,888,10.68,7.34,17.70,12.64,13,237.1,1400
   123.0,661,310,0,889,10.21,7.35,12.81,12.60,13,246.5,1400
   124.0,669,302,0,896,10.37,7.38,11.63,12.62,13,246.2,1400
   125.0,674,297,0,902,9.31,7.38,13.61,12.61,13,250.2,1400
   126.0,681,290,0,913,8.30,7.40,14.67,12.65,13,254.2,1400
   127.0,688,283,0,922,9.71,7.41,17.24,12.68,13,221.4,1400
   128.0,695,276,0,930,9.92,7.43,16.07,12.70,13,223.6,1400
   129.0,702,269,0,939,10.04,7.45,15.82,12.72,13,229.6,1400
   130.0,704,267,0,941,6.68,7.45,10.07,12.65,13,232.5,1400
   131.0,704,267,0,941,1.39,7.45,2.03,12.56,13,231.0,1400
   132.0,705,266,0,941,5.47,7.30,4.00,12.47,13,237.7,1400
   133.0,711,260,0,945,9.16,7.31,10.53,12.45,13,242.9,1400
   134.0,720,251,0,951,10.68,7.35,13.02,12.47,13,244.3,1400
   135.0,727,244,0,959,11.43,7.36,15.67,12.49,13,244.4,1400
   136.0,734,237,0,969,10.41,7.38,16.03,12.52,13,261.7,1400
   137.0,739,232,0,975,8.41,7.38,14.08,12.51,13,251.6,1400
   138.0,745,226,0,979,8.48,7.38,10.69,12.49,13,215.5,1400
   139.0,753,218,0,986,9.66,7.41,12.62,12.51,13,217.4,1400
   140.0,757,214,0,991,8.34,7.41,12.20,12.49,13,218.8,1400
   141.0,766,205,0,997,9.33,7.43,12.13,12.50,13,223.0,1400
   142.0,772,199,0,1008,10.41,7.44,16.24,12.54,13,227.6,1400
   143.0,780,191,0,1019,10.15,7.46,18.06,12.58,13,231.9,1400
   144.0,786,185,0,1027,9.76,7.47,16.83,12.59,13,234.6,1400
   145.0,793,178,0,1035,9.69,7.48,14.64,12.61,13,234.8,1400
   146.0,794,177,0,1036,5.97,7.48,8.52,12.53,13,242.6,1400
   147.0,794,177,0,1036,0.72,7.48,1.02,12.45,13,244.7,1400
   148.0,794,177,0,1036,0.00,7.48,0.00,12.36,13,245.1,1400
   149.0,794,177,0,1036,0.00,7.48,0.00,12.28,13,250.8,1400
   150.0,794,177,0,1036,0.00,7.48,0.00,12.20,13,218.5,1400
   151.0,794,177,0,1036,0.00,7.48,0.00,12.12,13,221.8,1400
   152.0,800,171,0,1041,8.78,7.20,11.78,12.11,12,233.3,1400
   153.0,807,164,0,1047,9.19,7.21,12.41,12.12,12,230.5,1400
   154.0,814,157,0,1055,9.91,7.23,14.50,12.14,12,231.8,1400
   155.0,820,151,0,1064,9.68,7.24,15.41,12.15,12,236.6,1400
   156.0,826,145,0,1070,8.68,7.25,13.87,12.15,12,245.1,1400
   157.0,832,139,0,1078,9.62,7.26,15.25,12.17,12,241.7,1400
   158.0,836,135,0,1084,6.94,7.25,12.18,12.15,12,245.0,1400
   159.0,843,128,0,1088,7.53,7.26,10.51,12.14,12,250.2,1400
   160.0,850,121,0,1095,9.60,7.26,12.54,12.16,12,248.7,1400
   161.0,855,116,0,1103,8.51,7.27,14.00,12.16,12,255.8,1400
   162.0,855,116,0,1103,3.70,7.27,6.63,12.09,12,221.8,1400
   163.0,855,116,0,1103,0.00,7.27,0.00,12.01,12,224.1,1400
   164.0,855,116,0,1103,0.00,7.27,0.00,11.94,12,230.5,1400
   165.0,855,116,0,1103,0.00,7.27,0.00,11.87,12,226.4,1400
   166.0,855,116,0,1103,0.00,7.27,0.00,11.80,12,235.0,1400
   167.0,855,116,0,1103,0.00,7.27,0.00,11.72,12,245.0,1400
   168.0,855,116,0,1103,0.00,7.27,0.00,11.65,12,247.5,1400
   169.0,855,116,0,1103,0.00,7.27,0.00,11.59,12,241.1,1400
   170.0,858,113,0,1103,4.12,6.93,3.02,11.53,12,242.7,1400
   171.0,863,108,0,1105,5.49,6.90,5.02,11.51,12,243.4,1400
   172.0,866,105,0,1106,6.60,6.90,6.64,11.47,12,244.4,1400
   173.0,870,101,0,1107,5.23,6.88,4.92,11.43,12,246.2,1400
   174.0,873,98,0,1107,5.71,6.86,4.77,11.38,12,248.8,1400
   175.0,875,96,0,1108,4.74,6.87,4.53,11.33,12,223.9,1399
   176.0,875,96,0,1108,1.13,6.87,1.56,11.27,12,231.9,1399
   177.0,875,96,0,1108,0.00,6.87,0.00,11.20,12,233.3,1399
   178.0,875,96,0,1108,0.00,6.87,0.00,11.14,12,234.6,1399
   179.0,875,96,0,1108,0.00,6.87,0.00,11.08,12,237.4,1399
   180.0,875,96,0,1108,0.00,6.87,0.00,11.02,12,235.7,1399
   181.0,875,96,0,1108,0.00,6.87,0.00,10.96,12,239.1,1399
   182.0,875,96,0,1108,0.00,6.87,0.00,10.90,12,240.7,1399
   183.0,875,96,0,1108,0.00,6.87,0.00,10.84,12,240.6,1399
   184.0,875,96,0,1108,0.00,6.87,0.00,10.78,12,245.9,1399
   185.0,875,96,0,1108,0.00,6.87,0.00,10.72,12,252.0,1399
   186.0,875,96,0,1108,0.00,6.87,0.00,10.66,12,252.4,1399
   187.0,875,96,0,1108,0.00,6.87,0.00,10.60,12,258.7,1399
   188.0,875,96,0,1108,0.00,6.87,0.00,10.55,12,223.4,1399
   189.0,878,93,0,1111,8.32,6.35,12.17,10.52,11,221.0,1399
   190.0,883,88,0,1115,7.33,6.35,10.05,10.52,11,224.0,1399
   191.0,888,83,0,1121,6.97,6.36,10.19,10.52,11,226.3,1399
   192.0,894,77,0,1127,7.95,6.37,11.75,10.53,11,226.7,1399
   193.0,899,72,0,1132,7.73,6.37,11.31,10.52,11,228.4,1399
   194.0,906,65,0,1134,8.59,6.38,9.95,10.52,11,232.1,1399
   195.0,912,59,0,1142,9.07,6.39,11.73,10.53,11,234.5,1399
   196.0,918,53,0,1148,8.64,6.40,13.29,10.54,11,237.8,1399
   197.0,923,48,0,1153,8.04,6.41,11.28,10.54,11,240.9,1399
   198.0,927,44,0,1157,6.66,6.40,9.30,10.53,11,242.9,1399
   199.0,933,38,0,1163,8.47,6.41,12.38,10.53,11,246.5,1399
   200.0,939,32,0,1171,8.34,6.42,13.21,10.55,11,216.9,1399
   201.0,945,26,0,1177,8.39,6.43,13.29,10.56,11,218.0,1399
   202.0,951,20,0,1184,8.70,6.44,12.68,10.57,11,220.4,1399
   203.0,956,15,0,1189,7.90,6.45,11.70,10.57,11,223.4,1399
   204.0,962,9,0,1196,7.56,6.45,11.56,10.58,11,223.6,1399
   205.0,964,7,0,1203,5.54,6.43,11.14,10.57,11,227.2,1399
   206.0,965,6,0,1214,2.14,6.43,10.97,10.58,11,231.4,1399
   207.0,965,6,0,1223,0.71,6.43,10.51,10.57,11,234.5,1399
   208.0,965,6,0,1234,0.00,6.43,10.24,10.57,11,236.4,1399
   209.0,965,6,0,1243,0.00,6.43,10.30,10.56,11,239.8,1399
   210.0,965,6,0,1254,0.00,6.43,10.14,10.57,11,245.1,1399
   211.0,965,6,0,1254,0.00,6.43,5.69,10.52,11,257.7,1399
   212.0,965,6,0,1254,0.00,6.43,0.00,10.47,11,216.2,1399
   213.0,965,6,0,1254,0.00,6.43,0.00,10.42,11,226.9,1399
   214.0,965,6,0,1255,0.00,6.43,4.00,10.37,11,230.2,1399
   215.0,965,6,0,1263,0.00,6.43,7.73,10.36,11,224.9,1399
   216.0,965,6,0,1267,0.00,6.43,6.10,10.33,11,227.8,1399
   217.0,965,6,0,1275,0.00,6.43,7.33,10.32,11,230.3,1399
   218.0,965,6,0,1287,0.00,6.43,11.52,10.33,11,233.0,1399
   219.0,966,5,0,1297,1.64,6.05,11.81,10.33,11,236.1,1399
   220.0,966,5,0,1308,0.74,6.05,11.13,10.34,11,239.2,1399
   221.0,966,5,0,1319,0.00,6.05,11.18,10.34,11,237.9,1399
   222.0,966,5,0,1331,0.00,6.05,11.61,10.35,11,245.4,1399
   223.0,966,5,0,1342,0.00,6.05,11.58,10.35,11,247.5,1399
   224.0,967,4,0,1350,2.52,5.91,10.02,10.34,11,250.8,1399
   225.0,967,4,0,1360,0.89,5.91,9.74,10.34,11,221.5,1399
   226.0,967,4,0,1368,0.00,5.91,9.80,10.33,11,222.4,1399
   227.0,967,4,0,1375,0.00,5.91,7.57,10.32,11,224.1,1399
   228.0,970,1,0,1381,6.14,5.82,8.19,10.31,11,227.5,1399
   229.0,970,1,0,1391,2.46,5.82,11.38,10.31,11,231.2,1399
