QR-Stream run log
role: receiver
started: 2026-10-02T19:35:32.864569
duration: 142s

[device]
platform: android
osVersion: BP4A.251205.006.S948BXXS4AZHL
processors: 8
dartVersion: 3.10.4

[run]
fileName: (hidden).png
totalChunks: 971
transferId: 3850058249
payloadKind: file
chunkBytes: 1400

[events]
     0.0  run started
     5.8  CAL #1 seen (session 58c4ed0e4ffc49c1)
     5.8  CAL #1 summary: +33 new, 39 re-reads, 72 reads in 5.8s (12.4/s), 938 still missing
     7.4  relay push ok: cal #1, rev 1
    13.3  CAL #2 seen (session 58c4ed0e4ffc49c1)
    13.3  CAL #2 summary: +24 new, 1 re-reads, 25 reads in 3.0s (8.4/s), 914 still missing
    15.1  relay push ok: cal #2, rev 1
    19.4  CAL #3 seen (session 58c4ed0e4ffc49c1)
    19.4  CAL #3 summary: +24 new, 24 re-reads, 48 reads in 3.0s (16.0/s), 890 still missing
    21.4  relay push ok: cal #3, rev 1
    52.1  END #4 seen (session 58c4ed0e4ffc49c1)
    52.1  round 1 summary: +300 new, 0 re-reads, 300 reads in 29.3s (10.3/s), 590 still missing
    54.1  relay push ok: end #4, rev 1
   131.8  END #5 seen (session 58c4ed0e4ffc49c1)
   131.8  round 2 summary: +569 new, 459 re-reads, 1028 reads in 76.5s (13.4/s), 21 still missing
   134.0  relay push ok: end #5, rev 1
   140.3  complete: all 971 chunks received
   140.3  kept a copy at (path)
   142.3  relay push ok: done #0, rev 1
   142.3  session report sent

[samples] one row per second
t,received,missing,corrupt,dupes,liveKBps,avgKBps,decodesPerSec,avgDecodesPerSec,recommendedFps,rssMB,chunkBytesSeen
     1.0,4,967,0,16,5.49,0.00,20.00,20.00,0,233.3,1400
     2.0,4,967,0,28,2.74,0.00,15.52,16.00,0,236.6,1400
     3.0,4,967,0,39,0.00,0.00,12.71,14.33,0,241.1,1400
     4.0,16,955,0,39,23.64,5.56,11.81,13.75,0,243.0,1400
     5.0,27,944,0,39,18.56,7.43,13.58,13.20,13,245.0,1400
     6.0,33,938,0,39,14.15,7.85,10.35,12.00,12,216.9,1400
     7.0,33,938,0,39,5.05,7.85,3.69,10.29,12,220.1,1400
     8.0,33,938,0,39,0.00,7.85,0.00,9.00,12,220.1,1400
     9.0,33,938,0,39,0.00,7.85,0.00,8.00,12,221.5,1400
    10.0,33,938,0,39,0.00,7.85,0.00,7.20,12,224.4,1400
    11.0,37,934,0,39,8.67,4.88,6.34,6.91,7,233.5,1400
    12.0,41,930,0,40,6.70,4.69,5.51,6.75,7,233.5,1400
    13.0,53,918,0,40,21.03,5.61,11.34,7.15,7,235.6,1400
    14.0,57,914,0,40,12.73,5.90,9.31,6.93,7,238.2,1400
    15.0,57,914,0,40,3.08,5.90,2.25,6.47,7,241.8,1400
    16.0,57,914,0,40,0.00,5.90,0.00,6.06,7,245.5,1400
    17.0,65,906,0,44,17.73,5.24,19.45,6.41,6,244.7,1400
    18.0,73,898,0,52,13.53,5.58,17.32,6.94,7,251.5,1400
    19.0,81,890,0,60,14.44,5.84,17.72,7.42,7,222.3,1400
    20.0,81,890,0,64,6.68,5.84,10.77,7.25,7,227.7,1400
    21.0,81,890,0,64,0.00,5.84,2.38,6.90,7,227.1,1400
    22.0,81,890,0,64,0.00,5.84,0.00,6.59,7,225.9,1400
    23.0,85,886,0,64,21.88,5.07,16.00,6.48,7,236.3,1400
    24.0,92,879,0,64,13.84,5.25,10.12,6.50,7,231.6,1400
    25.0,104,867,0,64,16.72,5.71,12.23,6.72,7,235.7,1400
    26.0,116,855,0,64,19.92,6.17,14.57,6.92,7,238.7,1400
    27.0,117,854,0,64,9.80,6.01,7.17,6.70,7,241.6,1400
    28.0,122,849,0,64,5.87,6.01,4.29,6.64,7,244.8,1400
    29.0,138,833,0,64,18.29,6.53,13.38,6.97,7,247.8,1400
    30.0,150,821,0,64,19.50,6.88,14.26,7.13,7,253.7,1400
    31.0,155,816,0,64,12.62,6.86,9.23,7.06,7,220.1,1400
    32.0,161,810,0,64,11.38,6.91,8.32,7.03,7,221.3,1400
    33.0,167,804,0,64,10.87,6.95,7.95,7.00,7,222.3,1400
    34.0,173,798,0,64,11.42,6.99,8.36,6.97,7,224.5,1400
    35.0,183,788,0,64,14.70,7.17,10.75,7.06,7,231.3,1400
    36.0,189,782,0,64,13.92,7.23,10.18,7.03,7,231.8,1400
    37.0,205,766,0,64,16.56,7.60,12.11,7.27,7,234.9,1400
    38.0,217,754,0,64,19.35,7.87,14.16,7.39,7,237.9,1400
    39.0,233,738,0,64,20.55,8.17,15.03,7.62,7,242.1,1400
    40.0,245,726,0,64,19.18,8.42,14.03,7.72,8,241.7,1400
    41.0,261,710,0,64,21.83,8.73,15.96,7.93,8,246.6,1400
    42.0,273,698,0,64,19.86,8.93,14.52,8.02,8,250.6,1400
    43.0,277,694,0,64,11.75,8.81,8.59,7.93,8,218.7,1400
    44.0,288,683,0,64,12.44,8.96,9.10,8.00,8,220.8,1400
    45.0,299,672,0,64,18.64,9.14,13.63,8.07,8,222.2,1400
    46.0,315,656,0,64,21.44,9.41,15.68,8.24,8,225.4,1400
    47.0,331,640,0,64,22.32,9.68,16.33,8.40,8,228.9,1400
    48.0,340,631,0,64,17.37,9.69,12.70,8.42,8,232.9,1400
    49.0,356,615,0,64,22.95,9.95,16.79,8.57,8,235.2,1400
    50.0,361,610,0,64,15.91,9.89,11.63,8.50,8,238.3,1400
    51.0,367,604,0,64,10.67,9.89,7.80,8.45,8,239.5,1400
    52.0,377,594,0,64,11.72,9.95,8.57,8.48,8,243.8,1400
    53.0,381,590,0,64,11.51,10.00,8.42,8.40,8,254.4,1400
    54.0,381,590,0,64,2.85,10.00,2.08,8.24,8,255.6,1400
    55.0,381,590,0,64,0.00,10.00,0.00,8.09,8,219.3,1400
    56.0,385,586,0,68,7.56,9.52,11.07,8.09,8,224.9,1400
    57.0,390,581,0,72,7.14,9.42,9.87,8.11,8,222.1,1400
    58.0,402,569,0,76,14.11,9.48,15.18,8.24,8,226.7,1400
    59.0,402,569,0,81,8.92,9.48,11.41,8.19,8,230.3,1400
    60.0,409,562,0,85,14.98,9.38,8.89,8.23,8,233.8,1400
    61.0,417,554,0,93,12.51,9.40,16.47,8.36,8,236.3,1400
    62.0,425,546,0,97,11.91,9.41,15.23,8.42,8,238.4,1400
    63.0,433,538,0,105,12.03,9.46,15.40,8.54,8,240.3,1400
    64.0,441,530,0,109,11.26,9.49,14.41,8.59,8,243.6,1400
    65.0,449,522,0,117,12.59,9.49,16.11,8.71,8,247.9,1400
    66.0,457,514,0,125,11.70,9.52,17.11,8.82,9,250.3,1400
    67.0,461,510,0,133,9.08,9.53,15.50,8.87,9,221.4,1400
    68.0,473,498,0,137,11.94,9.53,15.28,8.97,9,221.9,1400
    69.0,481,490,0,145,14.16,9.58,16.57,9.07,9,225.7,1400
    70.0,489,482,0,153,13.45,9.56,17.18,9.17,9,226.1,1400
    71.0,497,474,0,161,11.60,9.61,16.97,9.27,9,231.3,1400
    72.0,504,467,0,165,13.28,9.58,15.00,9.29,9,232.9,1400
    73.0,509,462,0,172,11.12,9.60,12.65,9.33,9,237.2,1400
    74.0,521,450,0,175,12.88,9.63,14.96,9.41,9,238.8,1400
    75.0,525,446,0,182,11.18,9.63,13.29,9.43,9,241.3,1400
    76.0,537,434,0,186,14.71,9.67,15.37,9.51,9,246.5,1400
    77.0,541,430,0,194,12.36,9.67,15.82,9.55,9,247.4,1400
    78.0,549,422,0,202,11.15,9.67,15.75,9.63,9,250.6,1400
    79.0,553,418,0,203,8.76,9.67,11.21,9.57,9,222.3,1400
    80.0,561,410,0,211,9.22,9.61,11.80,9.65,9,222.9,1400
    81.0,569,402,0,219,11.25,9.65,16.46,9.73,9,226.0,1400
    82.0,577,394,0,222,13.47,9.63,14.00,9.74,10,229.4,1400
    83.0,585,386,0,230,13.02,9.67,16.07,9.82,10,231.3,1400
    84.0,589,382,0,233,9.34,9.63,13.09,9.79,10,237.2,1400
    85.0,601,370,0,241,15.84,9.67,16.93,9.91,10,239.0,1400
    86.0,605,366,0,253,11.05,9.68,18.18,9.98,10,240.7,1400
    87.0,613,358,0,257,10.39,9.70,15.56,10.00,10,245.8,1400
    88.0,620,351,0,261,11.04,9.66,12.39,10.01,10,247.6,1400
    89.0,628,343,0,269,10.86,9.69,14.29,10.08,10,249.9,1400
    90.0,636,335,0,273,11.14,9.69,14.26,10.10,10,217.8,1400
    91.0,644,327,0,281,12.14,9.72,15.54,10.16,10,222.4,1400
    92.0,652,319,0,285,11.15,9.71,14.27,10.18,10,225.3,1400
    93.0,660,311,0,293,12.54,9.74,16.05,10.25,10,226.3,1400
    94.0,668,303,0,301,11.68,9.75,17.08,10.31,10,230.2,1400
    95.0,676,295,0,309,11.68,9.76,17.08,10.37,10,233.7,1400
    96.0,684,287,0,313,12.06,9.77,15.44,10.39,10,238.0,1400
    97.0,692,279,0,321,11.99,9.77,15.34,10.44,10,237.8,1400
    98.0,700,271,0,329,12.65,9.77,16.11,10.50,10,242.9,1400
    99.0,708,263,0,333,14.00,9.79,14.83,10.52,10,245.9,1400
   100.0,716,255,0,341,12.79,9.80,16.37,10.57,10,248.6,1400
   101.0,720,251,0,349,10.29,9.80,14.56,10.58,10,251.4,1400
   102.0,728,243,0,353,10.87,9.79,13.25,10.60,10,221.2,1400
   103.0,736,235,0,360,11.51,9.77,14.20,10.64,10,224.5,1400
   104.0,740,231,0,368,10.89,9.75,14.74,10.65,10,227.3,1400
   105.0,748,223,0,376,13.51,9.77,15.32,10.70,10,228.7,1400
   106.0,756,215,0,380,13.26,9.77,14.54,10.72,10,231.3,1400
   107.0,764,207,0,388,12.16,9.78,15.56,10.77,11,235.3,1400
   108.0,772,199,0,396,12.81,9.79,16.49,10.81,11,236.0,1400
   109.0,780,191,0,404,12.81,9.79,16.42,10.86,11,240.1,1400
   110.0,784,187,0,410,9.75,9.80,13.39,10.85,11,243.9,1400
   111.0,796,175,0,414,13.85,9.81,14.15,10.90,11,246.2,1400
   112.0,800,171,0,422,12.15,9.81,15.55,10.91,11,248.3,1400
   113.0,808,163,0,425,10.72,9.79,12.74,10.91,11,252.9,1400
   114.0,820,151,0,429,13.96,9.84,13.78,10.96,11,222.1,1400
   115.0,824,147,0,437,11.45,9.84,14.65,10.97,11,222.4,1400
   116.0,832,139,0,441,10.96,9.85,13.76,10.97,11,227.5,1400
   117.0,840,131,0,448,12.19,9.85,15.04,11.01,11,227.1,1400
   118.0,848,123,0,452,11.13,9.87,13.73,11.02,11,231.1,1400
   119.0,856,115,0,456,12.27,9.86,13.46,11.03,11,232.8,1400
   120.0,864,107,0,464,11.14,9.87,14.26,11.07,11,237.0,1400
   121.0,872,99,0,468,13.49,9.87,14.56,11.07,11,240.3,1400
   122.0,880,91,0,471,12.78,9.88,13.44,11.07,11,242.4,1400
   123.0,884,87,0,479,9.18,9.88,12.86,11.08,11,243.6,1400
   124.0,896,75,0,483,12.99,9.89,14.11,11.12,11,247.6,1400
   125.0,904,67,0,491,13.99,9.89,16.38,11.16,11,217.1,1400
   126.0,912,59,0,499,13.79,9.90,17.24,11.20,11,218.4,1400
   127.0,916,55,0,503,10.44,9.90,13.38,11.17,11,220.7,1400
   128.0,924,47,0,503,11.06,9.88,8.90,11.15,11,226.4,1400
   129.0,928,43,0,511,12.09,9.87,14.74,11.16,11,226.0,1400
   130.0,936,35,0,515,11.09,9.87,13.51,11.16,11,228.0,1400
   131.0,944,27,0,515,12.23,9.86,11.18,11.14,11,232.4,1400
   132.0,950,21,0,523,12.45,9.87,14.74,11.16,11,246.0,1399
   133.0,950,21,0,523,4.06,9.87,7.43,11.08,11,242.6,1399
   134.0,950,21,0,523,0.00,9.87,0.00,10.99,11,250.1,1399
   135.0,950,21,0,525,0.00,9.87,8.00,10.93,11,249.3,1399
   136.0,958,13,0,533,11.12,9.66,14.59,10.96,11,249.5,1399
   137.0,966,5,0,541,11.03,9.66,16.13,11.00,11,218.6,1399
   138.0,970,1,0,541,8.77,9.66,10.69,10.95,11,223.6,1399
   139.0,970,1,0,553,3.17,9.66,9.27,10.96,11,224.3,1399
   140.0,970,1,0,565,0.00,9.66,15.13,10.96,11,226.9,1399
