QR-Stream run log
role: receiver
started: 2026-10-08T15:44:30.629348
duration: 123s

[device]
platform: android
osVersion: BP4A.251205.006.S948BXXS4AZHL
processors: 8
dartVersion: 3.10.4

[run]
fileName: (hidden).png
totalChunks: 971
transferId: 3850058249
payloadKind: file
chunkBytes: 1400

[events]
     0.0  run started
     0.0  HEL #0 seen (session 8cdb057232793933)
     0.0  HEL #0 summary: +0 new, 0 re-reads, 0 reads in 0.0s (0.0/s), 971 still missing
     3.5  start tapped: 0 of 971 held; camera 10/s kept (loaded 10/s), start code read at 18/s
     5.4  relay push ok: hel #0, rev 1
    29.7  CHK #1 seen (session 8cdb057232793933)
    29.7  CHK #1 summary: +188 new, 15 re-reads, 203 reads in 16.3s (12.5/s), 783 still missing
    31.3  relay push ok: chk #1, rev 2
    47.7  END #2 seen (session 8cdb057232793933)
    47.7  round 1 summary: +164 new, 15 re-reads, 179 reads in 14.0s (12.8/s), 619 still missing
    49.0  relay push ok: end #2, rev 3
    96.8  END #3 seen (session 8cdb057232793933)
    96.8  round 2 summary: +362 new, 82 re-reads, 444 reads in 44.9s (9.9/s), 257 still missing
    98.3  relay push ok: end #3, rev 4
   116.7  END #4 seen (session 8cdb057232793933)
   116.7  round 3 summary: +224 new, 33 re-reads, 257 reads in 17.2s (14.9/s), 33 still missing
   118.2  relay push ok: end #4, rev 5
   122.1  complete: all 971 chunks received
   122.1  camera rate kept for next time: 15/s
   122.1  summary: 1.30 MB in 115.9s = 11.5 KB/s
   122.1  camera rate saved: 15/s
   122.2  kept a copy at (path)
   123.6  relay push ok: done #0, rev 6
   123.6  session report sent

[samples] one row per second
t,received,missing,corrupt,dupes,liveKBps,avgKBps,decodesPerSec,avgDecodesPerSec,recommendedFps,rssMB,chunkBytesSeen
     1.0,0,971,0,0,0.00,0.00,0.00,0.00,0,319.2,0
     2.0,0,971,0,0,0.00,0.00,0.00,0.00,0,318.0,0
     3.0,0,971,0,0,0.00,0.00,0.00,0.00,0,309.4,0
     4.0,0,971,0,0,0.00,0.00,0.00,0.00,0,325.6,0
     5.0,0,971,0,0,0.00,0.00,0.00,0.00,0,326.9,0
     6.0,0,971,0,0,0.00,0.00,0.00,0.00,0,332.8,0
     7.0,8,963,0,6,13.95,15.69,17.83,17.83,0,353.5,1400
     8.0,12,959,0,10,9.24,11.85,12.38,12.38,0,341.2,1400
     9.0,20,951,0,12,9.20,9.95,10.08,11.53,0,344.2,1400
    10.0,24,947,0,15,8.32,9.22,8.62,10.33,0,342.7,1400
    11.0,24,947,0,15,3.35,9.22,3.57,8.16,0,343.0,1400
    12.0,24,947,0,15,0.00,9.22,0.00,6.75,0,359.5,1400
    13.0,24,947,0,15,0.00,9.22,0.00,5.74,0,324.1,1400
    14.0,24,947,0,15,0.00,9.22,0.00,5.00,0,322.2,1400
    15.0,24,947,0,15,0.00,9.22,0.00,4.44,0,337.1,1400
    16.0,27,944,0,15,5.12,3.91,3.75,4.30,4,327.8,1400
    17.0,32,939,0,15,6.01,4.10,4.39,4.35,4,327.8,1400
    18.0,47,924,0,15,14.44,5.58,10.56,5.26,5,328.9,1400
    19.0,66,905,0,15,23.73,7.10,17.35,6.33,6,332.9,1400
    20.0,80,891,0,15,22.77,7.95,16.66,6.89,7,332.7,1400
    21.0,89,882,0,15,19.45,8.27,14.22,7.04,7,341.2,1400
    22.0,105,866,0,15,21.69,9.19,15.86,7.61,7,343.4,1400
    23.0,121,850,0,15,23.73,9.97,17.34,8.11,8,343.7,1400
    24.0,141,830,0,15,26.00,10.91,19.02,8.77,9,345.1,1400
    25.0,149,822,0,15,19.27,11.27,14.09,8.73,9,318.5,1400
    26.0,149,822,0,15,5.71,11.27,4.18,8.29,9,318.5,1400
    27.0,158,813,0,15,16.02,10.57,11.72,8.33,8,321.1,1400
    28.0,172,799,0,15,17.79,10.82,13.01,8.59,8,326.4,1400
    29.0,178,793,0,15,15.93,10.86,11.64,8.47,8,328.4,1400
    30.0,188,783,0,15,13.44,10.99,9.83,8.54,8,335.5,1400
    31.0,188,783,0,15,7.34,10.99,5.37,8.19,8,336.1,1400
    32.0,188,783,0,15,0.00,10.99,0.00,7.87,8,334.3,1400
    33.0,192,779,0,15,21.88,9.89,16.00,7.73,8,343.1,1400
    34.0,200,771,0,15,13.36,9.87,9.77,7.74,8,335.6,1400
    35.0,216,755,0,15,25.26,10.28,18.48,8.03,8,347.6,1400
    36.0,228,743,0,19,20.55,10.53,17.18,8.29,8,347.4,1400
    37.0,244,727,0,23,23.40,10.87,19.19,8.67,8,351.0,1400
    38.0,259,712,0,23,21.32,11.15,17.61,8.87,9,319.9,1400
    39.0,265,706,0,23,15.13,11.18,11.06,8.78,9,338.6,1400
    40.0,274,697,0,26,13.07,11.21,11.47,8.88,9,323.1,1400
    41.0,284,687,0,26,13.32,11.23,11.28,8.91,9,325.3,1400
    42.0,292,679,0,26,15.28,11.40,11.17,8.88,9,329.7,1400
    43.0,308,663,0,26,16.54,11.46,12.10,9.08,9,326.3,1400
    44.0,324,647,0,26,25.04,11.74,18.32,9.26,9,337.3,1400
    45.0,335,636,0,26,20.50,11.83,14.98,9.31,9,337.5,1400
    46.0,339,632,0,26,11.14,11.70,8.14,9.17,9,336.4,1400
    47.0,350,621,0,30,17.42,11.77,16.14,9.32,9,344.6,1400
    48.0,352,619,0,30,9.13,11.64,8.73,9.14,9,348.2,1400
    49.0,352,619,0,30,1.93,11.64,1.41,8.93,9,361.1,1400
    50.0,352,619,0,30,0.00,11.64,0.00,8.72,9,326.4,1400
    51.0,364,607,0,34,17.29,11.19,16.86,8.89,9,322.1,1400
    52.0,378,593,0,34,18.22,11.32,15.38,9.00,9,319.3,1400
    53.0,386,585,0,38,16.91,11.41,14.61,9.06,9,326.7,1400
    54.0,394,577,0,42,11.38,11.36,12.49,9.13,9,328.3,1400
    55.0,410,561,0,46,20.98,11.51,20.45,9.35,9,329.7,1400
    56.0,422,549,0,50,19.75,11.62,18.58,9.48,9,331.2,1400
    57.0,430,541,0,52,16.59,11.61,14.02,9.49,9,340.7,1400
    58.0,445,526,0,52,22.82,11.76,15.63,9.60,9,338.8,1400
    59.0,453,518,0,54,16.63,11.77,13.21,9.61,9,341.9,1400
    60.0,460,511,0,57,15.32,11.73,12.71,9.61,9,349.6,1400
    61.0,468,503,0,65,15.08,11.77,15.32,9.73,9,331.8,1400
    62.0,475,496,0,65,10.73,11.70,12.03,9.68,9,322.7,1400
    63.0,480,491,0,65,10.00,11.63,7.32,9.60,9,319.7,1400
    64.0,482,489,0,65,5.28,11.58,3.87,9.47,9,325.7,1400
    65.0,484,487,0,65,2.90,11.30,2.12,9.34,9,321.9,1400
    66.0,486,485,0,65,3.03,11.14,2.21,9.22,9,326.6,1400
    67.0,488,483,0,65,3.18,10.98,2.32,9.10,9,331.5,1400
    68.0,490,481,0,65,3.39,10.85,2.48,8.98,9,329.7,1400
    69.0,492,479,0,65,3.56,10.73,2.60,8.87,9,337.2,1400
    70.0,494,477,0,65,3.55,10.60,2.60,8.77,9,340.4,1400
    71.0,496,475,0,65,3.49,10.49,2.55,8.66,9,338.3,1400
    72.0,498,473,0,65,3.47,10.38,2.54,8.56,9,344.1,1400
    73.0,500,471,0,65,3.47,10.27,2.53,8.46,9,347.3,1400
    74.0,502,469,0,65,3.04,10.16,2.23,8.36,9,348.0,1400
    75.0,505,466,0,65,3.96,10.07,2.90,8.29,9,322.6,1400
    76.0,515,456,0,65,10.11,10.12,7.39,8.31,9,319.0,1400
    77.0,521,450,0,65,13.33,10.12,9.75,8.28,9,325.3,1400
    78.0,527,444,0,65,8.90,10.11,6.51,8.25,9,324.2,1400
    79.0,531,440,0,65,7.17,10.04,5.24,8.19,8,325.6,1400
    80.0,534,437,0,65,5.02,9.93,3.67,8.12,8,331.5,1400
    81.0,546,425,0,69,12.27,10.03,11.36,8.22,8,331.9,1400
    82.0,552,419,0,73,13.72,10.02,14.48,8.25,8,338.8,1400
    83.0,568,403,0,77,18.30,10.12,18.25,8.40,8,339.8,1400
    84.0,576,395,0,81,16.59,10.20,16.18,8.45,8,341.8,1400
    85.0,580,391,0,81,9.17,10.19,8.94,8.39,8,345.5,1400
    86.0,592,379,0,83,11.16,10.21,9.18,8.46,8,346.9,1400
    87.0,600,371,0,83,14.13,10.19,11.37,8.46,8,314.7,1400
    88.0,608,363,0,83,14.13,10.26,10.34,8.45,8,318.9,1400
    89.0,623,348,0,83,15.79,10.29,11.55,8.53,8,320.3,1400
    90.0,635,336,0,87,19.36,10.37,16.25,8.62,8,319.3,1400
    91.0,651,320,0,87,21.47,10.50,17.95,8.71,8,329.5,1400
    92.0,663,308,0,91,20.92,10.59,17.49,8.79,9,330.6,1400
    93.0,675,296,0,99,18.11,10.67,19.86,8.92,9,337.2,1400
    94.0,687,284,0,103,18.79,10.72,18.53,9.00,9,333.3,1400
    95.0,695,276,0,103,14.69,10.71,12.90,8.99,9,340.4,1400
    96.0,707,264,0,107,13.74,10.79,12.06,9.07,9,340.2,1400
    97.0,714,257,0,112,13.77,10.80,15.16,9.10,9,348.4,1399
    98.0,714,257,0,112,5.81,10.80,6.81,9.00,9,349.8,1399
    99.0,714,257,0,112,0.00,10.80,0.00,8.90,9,319.8,1399
   100.0,726,245,0,112,27.48,10.60,20.07,8.94,9,319.8,1399
   101.0,738,233,0,116,20.42,10.65,17.42,9.01,9,320.3,1399
   102.0,754,217,0,116,23.44,10.78,16.40,9.08,9,326.8,1399
   103.0,766,205,0,120,20.69,10.86,17.30,9.16,9,331.9,1399
   104.0,782,189,0,124,19.92,10.94,18.73,9.27,9,331.0,1399
   105.0,798,173,0,128,20.88,11.05,19.63,9.37,9,333.2,1399
   106.0,806,165,0,130,16.78,11.11,15.34,9.38,9,334.1,1399
   107.0,816,155,0,130,12.97,11.09,10.54,9.39,9,340.9,1399
   108.0,830,141,0,130,19.43,11.15,14.21,9.43,9,342.0,1399
   109.0,846,125,0,130,20.57,11.26,15.05,9.50,9,345.4,1399
   110.0,858,113,0,134,21.16,11.35,17.69,9.56,9,346.9,1399
   111.0,878,93,0,134,23.16,11.46,19.06,9.66,9,322.6,1399
   112.0,890,81,0,138,22.10,11.52,18.18,9.72,9,322.6,1399
   113.0,898,73,0,138,16.52,11.50,12.94,9.70,10,320.4,1399
   114.0,914,57,0,138,16.56,11.59,12.11,9.76,10,327.1,1399
   115.0,921,50,0,138,17.50,11.61,12.80,9.74,10,326.9,1399
   116.0,933,38,0,139,15.66,11.62,12.06,9.76,10,334.5,1399
   117.0,938,33,0,145,15.39,11.64,13.91,9.78,10,343.5,1399
   118.0,938,33,0,145,4.06,11.64,5.81,9.69,10,346.9,1399
   119.0,938,33,0,145,0.00,11.64,0.00,9.60,10,344.4,1399
   120.0,950,21,0,145,23.71,11.43,17.32,9.62,10,344.1,1399
   121.0,966,5,0,145,22.60,11.52,16.53,9.68,10,347.4,1399
   122.0,970,1,0,157,14.07,11.46,16.45,9.73,10,348.3,1399
