QR-Stream run log
role: receiver
started: 2026-10-03T22:11:20.651756
duration: 164s

[device]
platform: android
osVersion: BP4A.251205.006.A175FXXS6CZG1
processors: 8
dartVersion: 3.10.4

[run]
fileName: (hidden).png
totalChunks: 971
transferId: 3850058249
payloadKind: file
chunkBytes: 1400

[events]
     0.0  run started
     0.0  HEL #0 seen (session 919821822d2e8b65)
     0.0  HEL #0 summary: +0 new, 0 re-reads, 0 reads in 0.0s (0.0/s), 971 still missing
     3.4  start tapped: 0 of 971 held; camera 9/s kept (loaded 9/s), start code read at 19/s
     4.7  relay push ok: hel #0, rev 1
   103.3  CHK #1 seen (session 919821822d2e8b65)
   103.3  CHK #1 summary: +634 new, 290 re-reads, 924 reads in 94.7s (9.8/s), 337 still missing
   104.6  relay push ok: chk #1, rev 2
   126.4  END #2 seen (session 919821822d2e8b65)
   126.4  round 1 summary: +158 new, 21 re-reads, 179 reads in 17.3s (10.3/s), 179 still missing
   127.6  relay push ok: end #2, rev 3
   152.7  END #3 seen (session 919821822d2e8b65)
   152.7  round 2 summary: +153 new, 64 re-reads, 217 reads in 21.5s (10.1/s), 26 still missing
   153.9  relay push ok: end #3, rev 4
   163.3  complete: all 971 chunks received
   163.3  camera rate kept for next time: 10/s
   163.3  summary: 1.30 MB in 156.9s = 8.5 KB/s
   163.3  camera rate saved: 10/s
   163.3  kept a copy at (path)
   164.2  relay push ok: done #0, rev 5
   164.2  session report sent

[samples] one row per second
t,received,missing,corrupt,dupes,liveKBps,avgKBps,decodesPerSec,avgDecodesPerSec,recommendedFps,rssMB,chunkBytesSeen
     1.0,0,971,0,0,0.00,0.00,0.00,0.00,0,224.7,0
     2.0,0,971,0,0,0.00,0.00,0.00,0.00,0,224.6,0
     3.0,0,971,0,0,0.00,0.00,0.00,0.00,0,225.6,0
     4.0,0,971,0,0,0.00,0.00,0.00,0.00,0,229.1,0
     5.0,0,971,0,0,0.00,0.00,0.00,0.00,0,232.2,0
     6.0,0,971,0,0,0.00,0.00,0.00,0.00,0,233.3,0
     7.0,4,967,0,4,9.02,5468.75,13.18,13.18,0,233.5,1400
     8.0,11,960,0,8,9.36,11.40,11.82,11.82,0,235.8,1400
     9.0,14,957,0,8,7.30,8.19,7.47,8.44,0,236.7,1400
    10.0,18,953,0,8,5.29,7.14,3.87,7.21,0,236.4,1400
    11.0,26,945,0,16,14.19,8.30,17.30,9.12,9,231.3,1400
    12.0,30,941,0,16,8.81,7.40,10.74,8.20,9,232.9,1400
    13.0,37,934,0,19,9.05,7.78,8.42,8.48,8,231.9,1400
    14.0,45,926,0,23,11.68,8.36,12.53,8.94,9,233.6,1400
    15.0,49,922,0,31,8.81,8.48,12.88,9.29,9,235.1,1400
    16.0,60,911,0,35,12.06,8.58,13.55,9.89,10,236.7,1400
    17.0,68,903,0,39,13.35,8.97,13.87,10.09,10,239.0,1400
    18.0,72,899,0,47,9.27,8.94,13.57,10.25,10,241.4,1400
    19.0,80,891,0,51,10.31,9.12,12.61,10.39,10,234.3,1400
    20.0,91,880,0,51,13.69,9.19,12.12,10.44,10,233.8,1400
    21.0,95,876,0,58,11.65,9.17,12.50,10.47,10,234.3,1400
    22.0,103,868,0,61,11.35,9.30,13.07,10.51,10,235.4,1400
    23.0,111,860,0,65,12.61,9.33,13.26,10.60,10,235.1,1400
    24.0,115,856,0,66,9.69,9.32,10.04,10.28,10,235.9,1400
    25.0,123,848,0,69,9.47,9.05,9.24,10.32,10,238.9,1400
    26.0,126,845,0,71,8.83,9.12,9.39,10.05,10,242.3,1400
    27.0,131,840,0,71,6.37,8.83,5.82,9.80,10,241.1,1400
    28.0,142,829,0,75,13.27,9.05,12.14,10.04,10,233.9,1400
    29.0,144,827,0,78,9.06,8.84,10.19,9.82,10,233.7,1400
    30.0,149,822,0,78,7.15,8.79,5.72,9.62,10,232.6,1400
    31.0,153,818,0,79,6.36,8.64,5.17,9.43,10,234.9,1400
    32.0,156,815,0,79,4.87,8.64,4.07,9.18,10,237.3,1400
    33.0,162,809,0,83,6.43,8.45,6.80,9.21,9,238.5,1400
    34.0,167,804,0,83,9.03,8.29,9.01,9.06,9,238.4,1400
    35.0,171,800,0,85,8.79,8.39,7.86,8.95,9,239.5,1400
    36.0,175,796,0,85,6.23,8.11,5.69,8.78,9,241.2,1400
    37.0,183,788,0,88,11.06,8.19,10.11,8.85,9,240.4,1400
    38.0,189,782,0,88,10.20,8.22,9.06,8.76,9,243.5,1400
    39.0,196,775,0,90,10.49,8.27,8.85,8.77,9,238.7,1400
    40.0,203,768,0,93,10.86,8.27,10.78,8.81,9,235.9,1400
    41.0,211,760,0,96,11.08,8.34,11.35,8.87,9,235.0,1400
    42.0,215,756,0,100,9.88,8.43,11.44,8.85,9,236.2,1400
    43.0,221,750,0,100,7.88,8.34,8.07,8.77,9,236.9,1400
    44.0,233,738,0,103,13.09,8.49,11.17,8.93,9,236.9,1400
    45.0,237,734,0,107,11.06,8.48,11.63,8.91,9,237.5,1400
    46.0,244,727,0,109,10.62,8.57,10.22,8.91,9,240.6,1400
    47.0,248,723,0,110,7.72,8.55,7.19,8.82,9,242.4,1400
    48.0,254,717,0,110,7.01,8.42,5.64,8.75,9,243.3,1400
    49.0,263,708,0,115,11.32,8.51,11.04,8.87,9,235.8,1400
    50.0,271,700,0,118,12.69,8.60,13.65,8.92,9,233.5,1400
    51.0,279,692,0,121,12.26,8.60,12.33,8.97,9,236.6,1400
    52.0,284,687,0,121,9.72,8.55,8.75,8.88,9,238.3,1400
    53.0,290,681,0,124,9.80,8.51,9.11,8.88,9,239.5,1400
    54.0,297,674,0,128,10.64,8.59,11.97,8.93,9,238.6,1400
    55.0,305,666,0,136,11.98,8.62,15.77,9.07,9,239.1,1400
    56.0,312,659,0,138,11.46,8.67,13.96,9.07,9,240.6,1400
    57.0,316,655,0,139,8.93,8.56,8.31,8.99,9,236.8,1400
    58.0,323,648,0,143,8.93,8.58,9.50,9.03,9,235.5,1400
    59.0,327,644,0,143,8.11,8.53,8.09,8.93,9,235.7,1400
    60.0,335,636,0,146,10.89,8.56,9.95,8.97,9,236.9,1400
    61.0,339,632,0,153,8.61,8.54,11.55,9.01,9,238.9,1400
    62.0,346,625,0,156,9.38,8.60,10.94,9.03,9,237.7,1400
    63.0,354,617,0,156,10.62,8.61,9.32,9.01,9,238.7,1400
    64.0,361,610,0,159,12.36,8.61,10.85,9.03,9,241.2,1400
    65.0,373,598,0,163,13.16,8.71,13.17,9.15,9,237.1,1400
    66.0,376,595,0,169,11.00,8.69,13.40,9.14,9,233.2,1400
    67.0,383,588,0,169,9.52,8.66,8.84,9.11,9,236.6,1400
    68.0,390,581,0,172,11.18,8.67,9.93,9.12,9,235.2,1400
    69.0,398,573,0,175,11.18,8.74,11.44,9.15,9,238.9,1400
    70.0,406,565,0,178,13.28,8.76,13.36,9.18,9,236.6,1400
    71.0,414,557,0,182,11.98,8.80,12.60,9.23,9,240.1,1400
    72.0,421,550,0,185,13.57,8.81,11.82,9.24,9,241.7,1400
    73.0,425,546,0,190,9.93,8.81,9.96,9.23,9,237.1,1400
    74.0,433,538,0,192,10.05,8.82,10.12,9.24,9,237.2,1400
    75.0,443,528,0,192,13.46,8.83,10.94,9.25,9,233.8,1400
    76.0,451,520,0,196,15.09,8.88,13.49,9.30,9,238.0,1400
    77.0,455,516,0,202,11.72,8.81,13.23,9.31,9,237.0,1400
    78.0,462,509,0,202,9.85,8.85,8.84,9.27,9,239.5,1400
    79.0,473,498,0,206,14.75,8.91,13.19,9.35,9,241.3,1400
    80.0,476,495,0,210,9.76,8.87,11.21,9.32,9,240.3,1400
    81.0,484,487,0,212,12.08,8.88,10.15,9.33,9,241.6,1400
    82.0,492,479,0,216,11.14,8.96,11.21,9.36,9,236.0,1400
    83.0,499,472,0,220,11.34,8.96,12.71,9.39,9,235.7,1400
    84.0,507,464,0,228,12.19,8.97,16.04,9.47,9,237.3,1400
    85.0,512,459,0,228,9.16,8.92,10.82,9.41,9,237.9,1400
    86.0,519,452,0,228,9.58,8.95,7.01,9.38,9,239.1,1400
    87.0,527,444,0,236,12.37,8.94,13.87,9.47,9,238.4,1400
    88.0,533,438,0,236,11.31,8.94,11.09,9.42,9,239.3,1400
    89.0,539,432,0,236,10.17,8.95,7.44,9.38,9,240.1,1400
    90.0,542,429,0,240,8.06,8.90,8.51,9.35,9,242.6,1400
    91.0,549,422,0,243,10.12,8.90,9.53,9.36,9,237.0,1400
    92.0,561,410,0,246,13.47,8.97,12.96,9.43,9,237.2,1400
    93.0,565,406,0,253,11.05,8.98,13.13,9.44,9,236.6,1400
    94.0,572,399,0,257,9.78,8.98,12.04,9.46,9,235.9,1400
    95.0,580,391,0,257,11.59,8.99,10.73,9.45,9,238.4,1400
    96.0,584,387,0,263,9.04,8.97,9.92,9.45,9,241.6,1400
    97.0,592,379,0,267,10.30,8.98,11.70,9.48,9,241.7,1400
    98.0,599,372,0,271,11.36,8.99,12.74,9.50,9,243.2,1400
    99.0,606,365,0,275,10.94,9.00,12.57,9.51,9,237.0,1400
   100.0,611,360,0,275,9.10,8.94,8.88,9.47,9,234.2,1400
   101.0,619,352,0,279,10.51,8.97,10.05,9.49,9,235.4,1400
   102.0,626,345,0,282,10.97,8.96,11.77,9.50,9,238.3,1400
   103.0,634,337,0,286,14.41,8.99,11.73,9.52,9,240.2,1400
   104.0,634,337,0,290,5.95,8.99,8.70,9.47,9,240.5,1400
   105.0,634,337,0,290,0.00,8.99,2.18,9.37,9,241.6,1400
   106.0,634,337,0,290,0.00,8.99,0.00,9.28,9,240.8,1400
   107.0,638,333,0,290,21.88,8.68,16.00,9.22,9,243.4,1400
   108.0,646,325,0,294,14.42,8.70,14.06,9.25,9,242.3,1400
   109.0,647,324,0,297,8.81,8.63,8.75,9.20,9,235.7,1400
   110.0,655,316,0,297,11.70,8.66,6.93,9.19,9,236.8,1400
   111.0,663,308,0,300,12.78,8.68,11.10,9.21,9,238.0,1400
   112.0,666,305,0,300,7.59,8.63,7.06,9.15,9,237.4,1400
   113.0,672,299,0,300,11.09,8.63,8.11,9.12,9,238.2,1400
   114.0,683,288,0,300,12.78,8.70,9.35,9.14,9,237.6,1400
   115.0,686,285,0,300,10.08,8.70,7.37,9.08,9,240.8,1400
   116.0,694,277,0,300,8.49,8.68,6.21,9.07,9,242.4,1400
   117.0,701,270,0,300,13.38,8.70,9.78,9.05,9,236.7,1400
   118.0,714,257,0,300,14.54,8.76,10.64,9.09,9,238.6,1400
   119.0,725,246,0,300,16.44,8.81,12.02,9.10,9,232.6,1400
   120.0,736,235,0,300,17.38,8.87,12.71,9.12,9,230.2,1400
   121.0,744,227,0,304,15.10,8.88,13.37,9.14,9,231.8,1400
   122.0,751,220,0,304,13.85,8.90,10.72,9.13,9,234.9,1400
   123.0,761,210,0,304,13.79,8.94,10.08,9.13,9,236.1,1400
   124.0,773,198,0,308,16.63,8.99,14.37,9.19,9,238.0,1400
   125.0,779,192,0,308,12.65,9.00,11.31,9.16,9,236.8,1400
   126.0,789,182,0,308,12.32,9.03,9.01,9.17,9,237.5,1400
   127.0,792,179,0,311,9.95,9.04,9.25,9.15,9,236.8,1399
   128.0,792,179,0,311,1.86,9.04,3.14,9.07,9,232.7,1399
   129.0,792,179,0,311,0.00,9.04,0.00,9.00,9,231.9,1399
   130.0,796,175,0,315,8.75,8.84,12.80,8.99,9,231.0,1399
   131.0,804,167,0,319,10.10,8.84,12.31,9.01,9,232.5,1399
   132.0,812,159,0,322,11.33,8.86,11.92,9.03,9,235.0,1399
   133.0,818,153,0,325,9.74,8.84,10.17,9.03,9,236.2,1399
   134.0,824,147,0,325,10.54,8.85,7.62,9.00,9,238.6,1399
   135.0,833,138,0,327,12.38,8.86,10.26,9.02,9,240.1,1399
   136.0,841,130,0,330,12.42,8.88,11.76,9.04,9,241.2,1399
   137.0,848,123,0,333,10.86,8.88,11.11,9.04,9,235.3,1399
   138.0,852,119,0,336,7.87,8.90,8.90,9.03,9,232.0,1399
   139.0,857,114,0,336,6.80,8.86,6.63,9.00,9,232.3,1399
   140.0,864,107,0,340,8.53,8.88,8.32,9.01,9,233.8,1399
   141.0,875,96,0,344,12.45,8.89,13.16,9.06,9,235.8,1399
   142.0,877,94,0,348,9.22,8.85,10.89,9.03,9,236.7,1399
   143.0,884,87,0,348,10.58,8.86,7.79,9.02,9,235.6,1399
   144.0,892,79,0,352,11.58,8.87,10.73,9.04,9,236.4,1399
   145.0,899,72,0,352,10.42,8.89,9.65,9.03,9,237.5,1399
   146.0,904,67,0,356,9.42,8.87,9.19,9.03,9,241.7,1399
   147.0,912,59,0,360,10.80,8.87,12.76,9.05,9,234.3,1399
   148.0,919,52,0,363,12.10,8.87,12.98,9.05,9,233.4,1399
   149.0,923,48,0,363,10.18,8.85,7.97,9.02,9,233.1,1399
   150.0,927,44,0,363,10.62,8.82,7.76,8.98,9,234.9,1399
   151.0,930,41,0,365,9.49,8.83,8.93,8.96,9,235.8,1399
   152.0,942,29,0,365,12.65,8.84,10.49,8.98,9,235.0,1399
   153.0,945,26,0,375,13.04,8.85,15.89,9.00,9,239.8,1399
   154.0,945,26,0,375,2.48,8.85,7.19,8.94,9,238.2,1399
   155.0,945,26,0,375,0.00,8.85,0.00,8.88,9,241.0,1399
   156.0,945,26,0,375,0.00,8.85,0.00,8.82,9,240.0,1399
   157.0,955,16,0,375,18.43,8.67,13.48,8.83,9,231.5,1399
   158.0,967,4,0,375,17.27,8.72,12.63,8.85,9,231.6,1399
   159.0,969,2,0,380,11.48,8.72,11.39,8.84,9,234.2,1399
   160.0,969,2,0,389,1.50,8.72,8.80,8.84,9,235.0,1399
   161.0,969,2,0,395,0.00,8.72,7.52,8.82,9,235.8,1399
   162.0,970,1,0,401,2.75,8.55,7.64,8.81,9,237.1,1399
   163.0,970,1,0,410,0.91,8.55,8.23,8.81,9,238.6,1399
