QR-Stream run log
role: receiver
started: 2026-10-02T15:34:24.772547
duration: 37s

[device]
platform: android
osVersion: BP4A.251205.006.S948BXXS4AZHL
processors: 8
dartVersion: 3.10.4

[run]
fileName: (hidden).pdf
totalChunks: 154
transferId: 598845494
payloadKind: file
chunkBytes: 1400

[events]
     0.0  run started
     1.7  END #6 seen (session 998b3e43af667300)
     1.7  round 1 summary: +12 new, 11 re-reads, 23 reads in 1.7s (13.5/s), 142 still missing
     3.3  relay push ok: end #6, rev 1
    35.2  complete: all 154 chunks received
    35.2  kept a copy at (path)
    37.0  relay push ok: done #0, rev 2
    37.0  session report sent

[samples] one row per second
t,received,missing,corrupt,dupes,liveKBps,avgKBps,decodesPerSec,avgDecodesPerSec,recommendedFps,rssMB,chunkBytesSeen
     1.0,8,146,0,5,10.94,11.72,13.00,13.00,0,240.2,1400
     2.0,12,142,0,11,8.54,10.81,11.25,11.50,0,251.2,1400
     3.0,12,142,0,11,2.82,10.81,5.17,7.67,0,243.6,1400
     4.0,12,142,0,11,0.00,10.81,0.00,5.75,0,245.6,1400
     5.0,15,139,0,18,7.51,4.18,18.32,6.60,6,252.8,1400
     6.0,20,134,0,29,7.07,4.60,16.82,8.17,8,217.4,1400
     7.0,24,130,0,40,6.71,4.86,15.78,9.14,9,227.6,1400
     8.0,29,125,0,50,6.62,5.09,15.06,9.88,10,228.8,1400
     9.0,34,120,0,61,7.04,5.19,15.97,10.55,10,228.0,1400
    10.0,38,116,0,73,6.16,5.24,16.03,11.10,11,235.1,1400
    11.0,42,112,0,85,6.07,5.35,16.05,11.54,11,235.9,1400
    12.0,47,107,0,94,6.43,5.43,15.21,11.75,12,241.0,1400
    13.0,52,102,0,103,7.17,5.51,14.68,11.92,12,241.6,1400
    14.0,56,98,0,111,6.27,5.55,13.25,11.93,12,248.3,1400
    15.0,61,93,0,122,6.40,5.65,14.15,12.20,12,248.4,1400
    16.0,66,88,0,132,6.85,5.67,15.52,12.37,12,254.0,1400
    17.0,70,84,0,140,6.56,5.69,14.40,12.35,12,256.8,1400
    18.0,75,79,0,147,6.33,5.74,12.34,12.33,12,227.1,1400
    19.0,79,75,0,157,6.53,5.75,13.81,12.42,12,230.6,1400
    20.0,84,70,0,169,6.47,5.78,15.82,12.65,12,237.8,1400
    21.0,89,65,0,177,7.06,5.80,15.49,12.67,12,232.6,1400
    22.0,94,60,0,186,7.44,5.84,14.01,12.73,12,238.1,1400
    23.0,98,56,0,194,7.19,5.86,13.18,12.70,13,239.8,1400
    24.0,103,51,0,205,6.87,5.87,14.52,12.83,13,242.0,1400
    25.0,107,47,0,216,6.62,5.88,15.66,12.92,13,247.6,1400
    26.0,112,42,0,218,6.96,5.90,11.28,12.69,13,248.3,1400
    27.0,116,38,0,224,6.90,5.88,9.53,12.59,13,255.1,1400
    28.0,120,34,0,234,6.57,5.91,12.10,12.64,13,255.4,1400
    29.0,125,29,0,245,7.02,5.93,15.11,12.76,13,225.6,1400
    30.0,129,25,0,253,6.29,5.91,14.31,12.73,13,224.9,1400
    31.0,133,21,0,255,5.89,5.90,9.07,12.52,13,229.5,1400
    32.0,139,15,0,265,6.97,5.95,11.21,12.63,13,229.7,1400
    33.0,143,11,0,273,7.00,5.94,14.33,12.61,13,234.9,1400
    34.0,148,6,0,284,6.75,5.96,14.36,12.71,13,240.9,1400
    35.0,152,2,0,293,6.23,5.97,14.68,12.71,13,240.2,1400
