QR-Stream run log
role: receiver
started: 2026-10-02T21:52:44.899005
duration: 72s

[device]
platform: android
osVersion: BP4A.251205.006.S948BXXS4AZHL
processors: 8
dartVersion: 3.10.4

[run]
fileName: (hidden).png
totalChunks: 971
transferId: 3850058249
payloadKind: file
chunkBytes: 1400

[events]
     0.0  run started
     0.0  HEL #0 seen (session a0f22a74b34af882)
     0.0  HEL #0 summary: +0 new, 0 re-reads, 0 reads in 0.0s (0.0/s), 971 still missing
     1.4  relay push ok: hel #0, rev 1
     5.1  CAL #1 seen (session a0f22a74b34af882)
     5.1  CAL #1 summary: +74 new, 6 re-reads, 80 reads in 2.9s (27.2/s), 897 still missing
     6.6  relay push ok: cal #1, rev 1
    12.3  CAL #2 seen (session a0f22a74b34af882)
    12.3  CAL #2 summary: +61 new, 14 re-reads, 75 reads in 2.9s (25.5/s), 836 still missing
    13.5  relay push ok: cal #2, rev 1
    43.3  END #3 seen (session a0f22a74b34af882)
    43.3  round 1 summary: +546 new, 6 re-reads, 552 reads in 29.1s (18.9/s), 290 still missing
    44.8  relay push ok: end #3, rev 1
    65.5  END #4 seen (session a0f22a74b34af882)
    65.5  round 2 summary: +265 new, 64 re-reads, 329 reads in 19.4s (17.0/s), 25 still missing
    66.9  relay push ok: end #4, rev 1
    71.7  complete: all 971 chunks received
    71.8  kept a copy at (path)
    73.0  relay push ok: done #0, rev 1
    73.0  session report sent

[samples] one row per second
t,received,missing,corrupt,dupes,liveKBps,avgKBps,decodesPerSec,avgDecodesPerSec,recommendedFps,rssMB,chunkBytesSeen
     1.0,0,971,0,0,0.00,0.00,0.00,0.00,0,231.2,0
     2.0,0,971,0,0,0.00,0.00,0.00,0.00,0,234.4,0
     3.0,23,948,0,0,35.81,38.87,26.08,26.08,0,237.6,1400
     4.0,51,920,0,4,37.13,38.08,29.22,29.22,0,239.5,1400
     5.0,70,901,0,6,33.11,34.65,27.31,26.36,0,243.0,1400
     6.0,74,897,0,6,16.28,34.91,12.94,20.61,0,253.1,1400
     7.0,74,897,0,6,2.76,34.91,2.02,16.39,0,250.5,1400
     8.0,74,897,0,6,0.00,34.91,0.00,13.60,0,225.9,1400
     9.0,74,897,0,6,0.00,34.91,0.00,11.62,0,229.0,1400
    10.0,90,881,0,8,33.50,15.81,27.57,12.43,12,235.4,1400
    11.0,107,864,0,12,27.29,16.62,23.59,13.40,13,226.4,1400
    12.0,127,844,0,20,29.14,17.92,28.23,14.88,15,229.8,1400
    13.0,135,836,0,20,19.79,18.22,18.61,14.24,15,238.9,1400
    14.0,135,836,0,20,5.75,18.22,4.21,13.04,15,239.6,1400
    15.0,155,816,0,22,34.57,16.47,27.81,13.74,14,243.5,1400
    16.0,179,792,0,22,33.63,17.76,25.71,14.48,14,241.6,1400
    17.0,203,768,0,26,35.07,18.91,27.79,15.39,15,245.5,1400
    18.0,227,744,0,26,33.18,19.72,26.29,15.93,16,250.5,1400
    19.0,255,716,0,26,37.36,20.74,27.33,16.64,16,220.0,1400
    20.0,279,692,0,26,35.92,21.42,26.26,17.06,17,221.6,1400
    21.0,296,675,0,26,29.39,21.45,21.50,17.05,17,226.7,1400
    22.0,302,669,0,26,16.41,20.78,12.00,16.50,17,229.0,1400
    23.0,316,655,0,26,15.06,20.87,11.01,16.38,17,232.4,1400
    24.0,334,637,0,26,23.42,20.89,17.13,16.45,17,233.9,1400
    25.0,354,617,0,26,26.29,21.22,19.23,16.61,17,238.8,1400
    26.0,369,602,0,26,25.87,21.29,18.92,16.54,17,245.1,1400
    27.0,381,590,0,26,19.47,21.07,14.24,16.36,17,245.9,1400
    28.0,401,570,0,26,23.91,21.40,17.49,16.50,17,248.8,1400
    29.0,419,552,0,26,26.37,21.36,19.29,16.55,17,251.1,1400
    30.0,443,528,0,26,28.74,21.81,21.02,16.82,17,220.0,1400
    31.0,467,504,0,26,34.63,22.18,25.33,17.07,17,222.4,1400
    32.0,487,484,0,26,30.91,22.44,22.61,17.17,17,226.6,1400
    33.0,503,468,0,26,25.34,22.28,18.54,17.13,17,231.3,1400
    34.0,523,448,0,26,26.19,22.48,19.16,17.22,17,232.4,1400
    35.0,547,424,0,26,32.19,22.81,23.54,17.43,17,235.1,1400
    36.0,571,400,0,26,34.18,23.08,25.00,17.62,17,239.8,1400
    37.0,589,382,0,26,29.55,23.18,21.62,17.63,17,244.0,1400
    38.0,603,368,0,26,22.93,23.16,16.77,17.53,18,247.2,1400
    39.0,621,350,0,26,22.34,23.13,16.34,17.54,18,247.0,1400
    40.0,634,337,0,26,22.65,22.89,16.57,17.42,18,254.2,1400
    41.0,654,317,0,26,23.91,23.00,17.49,17.49,18,222.9,1400
    42.0,666,305,0,26,23.95,23.07,17.52,17.35,18,223.5,1400
    43.0,679,292,0,26,18.99,22.84,13.89,17.24,18,224.0,1400
    44.0,681,290,0,26,10.80,22.61,7.90,16.88,17,236.6,1400
    45.0,681,290,0,26,1.61,22.61,1.18,16.49,17,232.0,1400
    46.0,681,290,0,26,0.00,22.61,0.00,16.11,17,236.8,1400
    47.0,693,278,0,30,18.45,21.28,18.00,16.11,16,236.8,1400
    48.0,702,269,0,34,15.20,21.07,15.35,16.04,16,239.9,1400
    49.0,718,253,0,38,19.30,21.01,18.63,16.13,16,243.1,1400
    50.0,734,237,0,42,22.70,21.02,20.76,16.21,16,244.4,1400
    51.0,750,221,0,46,21.93,21.00,20.05,16.28,16,248.7,1400
    52.0,762,209,0,50,22.57,20.99,18.90,16.28,16,250.6,1400
    53.0,778,193,0,54,20.58,20.97,19.35,16.35,16,223.6,1400
    54.0,790,181,0,60,19.52,20.90,19.38,16.38,16,223.2,1400
    55.0,802,169,0,64,16.56,20.87,17.15,16.38,16,225.9,1400
    56.0,814,157,0,68,18.41,20.84,17.96,16.37,16,228.5,1400
    57.0,834,137,0,68,23.58,20.80,19.41,16.44,16,233.1,1400
    58.0,848,123,0,68,23.39,20.75,17.11,16.39,16,235.5,1400
    59.0,857,114,0,68,19.59,20.64,14.33,16.26,16,237.8,1400
    60.0,869,102,0,72,18.26,20.57,15.90,16.26,16,243.0,1400
    61.0,889,82,0,72,22.73,20.66,18.70,16.32,16,244.6,1400
    62.0,901,70,0,76,23.30,20.63,19.17,16.32,16,247.9,1400
    63.0,917,54,0,80,23.91,20.63,19.58,16.38,16,252.2,1400
    64.0,925,46,0,82,17.14,20.66,15.67,16.27,16,219.6,1400
    65.0,936,35,0,86,13.74,20.48,13.23,16.25,16,224.1,1400
    66.0,946,25,0,90,15.76,20.46,16.24,16.22,16,235.4,1399
    67.0,946,25,0,90,6.65,20.46,7.10,15.97,16,233.5,1399
    68.0,946,25,0,90,0.00,20.46,0.00,15.73,16,236.3,1399
    69.0,950,21,0,91,12.75,19.48,11.66,15.56,16,239.2,1399
    70.0,966,5,0,91,19.13,19.54,14.70,15.57,16,236.9,1399
    71.0,966,5,0,96,10.95,19.54,10.51,15.42,16,239.1,1399
