QR-Stream run log
role: receiver
started: 2026-10-07T21:21:22.381276
duration: 701s

[device]
platform: android
osVersion: BP4A.251205.006.S948BXXS4AZHL
processors: 8
dartVersion: 3.10.4

[run]
fileName: (hidden).rar
totalChunks: 7941
transferId: 2585082670
payloadKind: file
chunkBytes: 1400

[events]
     0.0  run started
     0.0  HEL #0 seen (session ac3aa729cbbf8355)
     0.0  HEL #0 summary: +0 new, 0 re-reads, 0 reads in 0.0s (0.0/s), 7941 still missing
     3.9  start tapped: 0 of 7941 held; camera 14/s kept, start code read at 25/s
     5.7  relay push ok: hel #0, rev 1
    59.0  CHK #1 seen (session ac3aa729cbbf8355)
    59.0  CHK #1 summary: +449 new, 248 re-reads, 697 reads in 42.9s (16.2/s), 7492 still missing
    60.2  relay push ok: chk #1, rev 2
   143.6  CHK #2 seen (session ac3aa729cbbf8355)
   143.6  CHK #2 summary: +1013 new, 311 re-reads, 1324 reads in 80.0s (16.6/s), 6479 still missing
   145.2  relay push ok: chk #2, rev 3
   186.8  CHK #3 seen (session ac3aa729cbbf8355)
   186.8  CHK #3 summary: +652 new, 18 re-reads, 670 reads in 41.2s (16.3/s), 5827 still missing
   188.4  relay push ok: chk #3, rev 4
   245.0  CHK #4 seen (session ac3aa729cbbf8355)
   245.0  CHK #4 summary: +761 new, 13 re-reads, 774 reads in 56.1s (13.8/s), 5066 still missing
   246.6  relay push ok: chk #4, rev 5
   356.8  CHK #5 seen (session ac3aa729cbbf8355)
   356.8  CHK #5 summary: +1368 new, 6 re-reads, 1374 reads in 109.5s (12.6/s), 3698 still missing
   358.0  relay push ok: chk #5, rev 6
   428.7  CHK #6 seen (session ac3aa729cbbf8355)
   428.7  CHK #6 summary: +846 new, 12 re-reads, 858 reads in 69.9s (12.3/s), 2852 still missing
   430.2  relay push ok: chk #6, rev 7
   474.2  END #7 seen (session ac3aa729cbbf8355)
   474.2  round 1 summary: +475 new, 8 re-reads, 483 reads in 43.1s (11.2/s), 2377 still missing
   475.4  relay push ok: end #7, rev 8
   607.1  CHK #8 seen (session ac3aa729cbbf8355)
   607.1  CHK #8 summary: +1668 new, 18 re-reads, 1686 reads in 130.1s (13.0/s), 709 still missing
   608.9  relay push ok: chk #8, rev 9
   622.5  END #9 seen (session ac3aa729cbbf8355)
   622.5  round 2 summary: +117 new, 3 re-reads, 120 reads in 12.3s (9.7/s), 592 still missing
   623.8  relay push ok: end #9, rev 10
   656.0  END #10 seen (session ac3aa729cbbf8355)
   656.0  round 3 summary: +352 new, 3 re-reads, 355 reads in 31.1s (11.4/s), 240 still missing
   657.9  relay push ok: end #10, rev 11
   673.2  END #11 seen (session ac3aa729cbbf8355)
   673.2  round 4 summary: +146 new, 4 re-reads, 150 reads in 14.2s (10.5/s), 94 still missing
   674.8  relay push ok: end #11, rev 12
   690.8  END #12 seen (session ac3aa729cbbf8355)
   690.8  round 5 summary: +87 new, 84 re-reads, 171 reads in 14.8s (11.5/s), 7 still missing
   692.3  relay push ok: end #12, rev 13
   694.6  END #13 seen (session ac3aa729cbbf8355)
   694.6  round 6 summary: +5 new, 4 re-reads, 9 reads in 0.9s (10.2/s), 2 still missing
   695.9  relay push ok: end #13, rev 14
   697.6  END #14 seen (session ac3aa729cbbf8355)
   697.6  round 7 summary: +1 new, 0 re-reads, 1 reads in 0.0s (0.0/s), 1 still missing
   698.7  relay push ok: end #14, rev 15
   700.3  complete: all 7941 chunks received
   700.3  camera rate kept for next time: 17/s
   700.3  summary: 10.60 MB in 693.5s = 15.7 KB/s
   700.3  kept a copy at (path)
   701.5  relay push ok: done #0, rev 16
   701.5  session report sent

[samples] one row per second
t,received,missing,corrupt,dupes,liveKBps,avgKBps,decodesPerSec,avgDecodesPerSec,recommendedFps,rssMB,chunkBytesSeen
     1.0,0,7941,0,0,0.00,0.00,0.00,0.00,0,223.5,0
     2.0,0,7941,0,0,0.00,0.00,0.00,0.00,0,226.5,0
     3.0,0,7941,0,0,0.00,0.00,0.00,0.00,0,217.7,0
     4.0,0,7941,0,0,0.00,0.00,0.00,0.00,0,213.1,0
     5.0,0,7941,0,0,0.00,0.00,0.00,0.00,0,221.3,0
     6.0,0,7941,0,0,0.00,0.00,0.00,0.00,0,234.4,0
     7.0,3,7938,0,0,16.41,0.00,12.00,14.78,0,194.8,1400
     8.0,17,7924,0,6,19.32,21.58,19.12,19.12,0,192.6,1400
     9.0,22,7919,0,12,14.36,14.92,15.75,15.43,0,196.7,1400
    10.0,37,7904,0,18,15.79,16.54,16.22,17.17,0,198.5,1400
    11.0,53,7888,0,32,21.96,17.77,26.42,20.22,20,198.1,1400
    12.0,65,7876,0,48,20.71,18.00,29.80,21.72,22,201.9,1400
    13.0,81,7860,0,60,21.14,18.38,29.05,22.73,23,207.1,1400
    14.0,91,7850,0,64,17.92,17.76,21.17,21.52,22,208.5,1400
    15.0,101,7840,0,66,14.64,16.92,13.92,20.36,21,211.9,1400
    16.0,108,7833,0,70,13.61,16.52,11.62,19.34,19,214.5,1400
    17.0,124,7817,0,82,17.45,16.97,21.64,20.19,20,217.7,1400
    18.0,140,7801,0,94,22.83,17.16,29.23,20.89,21,188.4,1400
    19.0,152,7789,0,110,21.17,17.31,28.69,21.47,21,190.3,1400
    20.0,160,7781,0,118,15.58,17.41,23.24,21.06,22,194.9,1400
    21.0,168,7773,0,118,11.30,16.19,12.40,20.14,20,200.4,1400
    22.0,183,7758,0,125,22.82,16.48,21.77,20.26,20,200.4,1400
    23.0,189,7752,0,135,17.51,15.99,21.02,20.00,20,201.7,1400
    24.0,205,7736,0,151,18.69,16.30,25.40,20.69,20,208.2,1400
    25.0,217,7724,0,162,19.72,16.47,28.34,20.82,21,210.2,1400
    26.0,232,7709,0,170,21.69,16.57,25.00,20.93,21,211.4,1400
    27.0,249,7692,0,181,22.95,16.90,26.74,21.28,21,217.5,1400
    28.0,259,7682,0,189,19.92,16.82,24.82,21.13,21,183.4,1400
    29.0,266,7675,0,195,14.60,16.65,15.96,20.76,21,191.5,1400
    30.0,284,7657,0,199,18.92,16.86,18.19,20.81,21,192.2,1400
    31.0,295,7646,0,207,19.88,16.89,20.56,20.74,21,195.0,1400
    32.0,308,7633,0,207,18.32,16.81,17.87,20.43,21,196.8,1400
    33.0,320,7621,0,214,18.18,16.71,17.02,20.38,20,200.6,1400
    34.0,324,7617,0,221,14.28,16.61,16.90,20.03,20,204.3,1400
    35.0,330,7611,0,221,8.93,16.05,9.81,19.53,20,206.9,1400
    36.0,336,7605,0,221,8.34,15.96,6.10,19.07,20,206.3,1400
    37.0,340,7601,0,221,8.07,15.56,5.90,18.57,19,209.9,1400
    38.0,344,7597,0,221,8.27,15.18,6.05,18.11,18,215.4,1400
    39.0,347,7594,0,221,5.59,14.90,4.09,17.64,18,222.1,1400
    40.0,352,7589,0,221,6.52,14.74,4.77,17.26,18,219.5,1400
    41.0,360,7581,0,224,9.16,14.42,8.25,17.07,17,186.2,1400
    42.0,365,7576,0,224,9.99,14.23,8.99,16.73,17,187.1,1400
    43.0,370,7571,0,229,7.91,14.14,8.68,16.55,17,190.1,1400
    44.0,372,7569,0,229,4.94,13.69,6.19,16.15,16,190.5,1400
    45.0,372,7569,0,229,1.85,13.69,1.35,15.73,16,193.2,1400
    46.0,386,7555,0,232,19.57,13.50,17.38,15.76,16,196.4,1400
    47.0,395,7546,0,234,15.90,13.51,14.16,15.65,16,199.3,1400
    48.0,405,7536,0,235,13.85,13.47,11.73,15.53,16,200.7,1400
    49.0,416,7525,0,238,14.41,13.53,12.54,15.50,16,204.4,1400
    50.0,431,7510,0,244,19.27,13.67,18.97,15.62,16,208.4,1400
    51.0,439,7502,0,247,15.85,13.67,16.13,15.52,16,210.0,1400
    52.0,442,7499,0,248,7.66,13.48,7.64,15.26,16,221.9,1400
    53.0,449,7492,0,248,10.08,13.37,5.71,15.09,15,190.5,1400
    54.0,449,7492,0,248,4.92,13.37,3.60,14.77,15,191.6,1400
    55.0,449,7492,0,248,0.00,13.37,0.00,14.46,15,193.4,1400
    56.0,449,7492,0,248,0.00,13.37,0.00,14.17,15,195.1,1400
    57.0,449,7492,0,248,0.00,13.37,0.00,13.88,15,197.9,1400
    58.0,449,7492,0,248,0.00,13.37,0.00,13.61,15,198.2,1400
    59.0,449,7492,0,248,0.00,13.37,0.00,13.35,15,212.9,1400
    60.0,449,7492,0,248,0.00,13.37,0.00,13.10,15,216.9,1400
    61.0,449,7492,0,248,0.00,13.37,0.00,12.86,15,217.6,1400
    62.0,449,7492,0,248,0.00,13.37,0.00,12.63,15,213.4,1400
    63.0,449,7492,0,248,0.00,13.37,0.00,12.40,15,216.6,1400
    64.0,453,7488,0,252,14.13,10.90,20.67,12.32,12,217.8,1400
    65.0,453,7488,0,270,3.94,10.90,18.71,12.42,12,217.0,1400
    66.0,453,7488,0,284,0.00,10.90,16.56,12.45,12,186.0,1400
    67.0,453,7488,0,299,0.00,10.90,17.23,12.49,12,187.0,1400
    68.0,453,7488,0,323,0.00,10.90,21.55,12.68,12,190.4,1400
    69.0,453,7488,0,334,0.00,10.90,18.16,12.65,12,193.9,1400
    70.0,453,7488,0,349,0.00,10.90,14.36,12.69,12,197.4,1400
    71.0,453,7488,0,369,0.00,10.90,18.57,12.80,13,200.5,1400
    72.0,453,7488,0,388,0.00,10.90,20.54,12.90,13,202.8,1400
    73.0,461,7480,0,396,26.87,9.55,18.88,12.95,13,207.4,1400
    74.0,473,7468,0,398,19.43,9.64,17.00,12.96,13,211.2,1400
    75.0,481,7460,0,400,17.39,9.72,13.01,12.92,13,212.9,1400
    76.0,491,7450,0,400,14.51,9.74,11.79,12.88,13,217.0,1400
    77.0,505,7436,0,400,17.30,9.86,12.65,12.89,13,220.4,1400
    78.0,524,7417,0,400,25.29,10.07,18.50,12.98,13,188.5,1400
    79.0,530,7411,0,402,17.60,10.05,13.90,12.91,13,186.8,1400
    80.0,530,7411,0,417,4.90,10.05,13.74,12.94,13,190.1,1400
    81.0,530,7411,0,435,0.00,10.05,17.05,13.00,13,192.9,1400
    82.0,530,7411,0,455,0.00,10.05,20.26,13.10,13,197.1,1400
    83.0,530,7411,0,471,0.00,10.05,18.50,13.14,13,200.7,1400
    84.0,530,7411,0,486,0.00,10.05,15.96,13.16,13,203.0,1400
    85.0,554,7387,0,486,34.80,9.69,20.04,13.30,13,207.4,1400
    86.0,574,7367,0,486,30.96,9.91,22.65,13.38,13,209.3,1400
    87.0,594,7347,0,486,29.83,10.13,21.82,13.47,13,212.9,1400
    88.0,614,7327,0,490,29.90,10.34,24.06,13.60,13,215.7,1400
    89.0,630,7311,0,494,26.06,10.49,23.29,13.67,13,186.3,1400
    90.0,642,7299,0,496,20.74,10.57,18.42,13.68,13,187.2,1400
    91.0,658,7283,0,500,19.72,10.70,17.52,13.75,14,190.3,1400
    92.0,678,7263,0,500,24.86,10.91,20.19,13.83,14,194.8,1400
    93.0,694,7247,0,503,25.74,11.03,20.40,13.89,14,196.8,1400
    94.0,704,7237,0,507,20.11,11.06,16.90,13.89,14,200.3,1400
    95.0,718,7223,0,507,16.47,11.15,14.06,13.89,14,202.5,1400
    96.0,733,7208,0,507,19.83,11.24,14.51,13.90,14,206.2,1400
    97.0,745,7196,0,514,19.87,11.33,18.30,13.96,14,208.6,1400
    98.0,761,7180,0,518,19.85,11.43,20.22,14.02,14,213.2,1400
    99.0,775,7166,0,518,20.96,11.52,17.37,14.02,14,216.2,1400
   100.0,788,7153,0,518,18.88,11.59,13.81,14.01,14,183.3,1400
   101.0,807,7134,0,518,22.26,11.72,16.28,14.07,14,186.1,1400
   102.0,817,7124,0,518,20.23,11.77,14.80,14.02,14,188.6,1400
   103.0,827,7114,0,522,15.88,11.82,13.94,14.02,14,192.2,1400
   104.0,850,7091,0,522,22.58,11.96,18.52,14.11,14,194.3,1400
   105.0,862,7079,0,526,24.02,12.02,19.58,14.13,14,198.2,1400
   106.0,874,7067,0,526,20.75,12.09,14.74,14.11,14,202.6,1400
   107.0,885,7056,0,526,16.25,12.08,11.89,14.08,14,204.4,1400
   108.0,901,7040,0,526,22.69,12.19,16.59,14.10,14,208.6,1400
   109.0,913,7028,0,528,21.60,12.23,16.93,14.10,14,209.8,1400
   110.0,931,7010,0,528,20.53,12.33,16.02,14.14,14,213.4,1400
   111.0,943,6998,0,530,21.62,12.42,16.87,14.14,14,216.9,1400
   112.0,962,6979,0,530,23.35,12.51,18.18,14.18,14,186.0,1400
   113.0,977,6964,0,530,23.79,12.59,17.40,14.19,14,188.1,1400
   114.0,992,6949,0,534,22.59,12.69,18.72,14.23,14,190.6,1400
   115.0,1008,6933,0,534,22.09,12.75,18.24,14.25,14,192.3,1400
   116.0,1022,6919,0,534,23.36,12.80,17.08,14.25,14,196.8,1400
   117.0,1041,6900,0,534,24.27,12.93,17.75,14.29,14,199.5,1400
   118.0,1055,6886,0,534,24.09,12.99,17.62,14.29,14,201.5,1400
   119.0,1074,6867,0,534,25.53,13.09,18.68,14.33,14,206.6,1400
   120.0,1094,6847,0,534,26.93,13.22,19.70,14.38,14,208.4,1400
   121.0,1110,6831,0,534,26.24,13.31,19.19,14.40,14,211.9,1400
   122.0,1121,6820,0,534,20.34,13.33,14.88,14.37,14,215.1,1400
   123.0,1138,6803,0,534,19.54,13.39,14.29,14.39,14,218.9,1400
   124.0,1154,6787,0,538,22.83,13.47,18.72,14.44,14,187.5,1400
   125.0,1170,6771,0,542,26.50,13.57,21.59,14.48,14,188.9,1400
   126.0,1189,6752,0,542,26.38,13.65,21.50,14.52,14,191.1,1400
   127.0,1201,6740,0,544,23.11,13.68,17.99,14.52,14,194.8,1400
   128.0,1217,6724,0,544,19.63,13.75,15.38,14.53,14,198.4,1400
   129.0,1236,6705,0,544,24.91,13.84,18.22,14.57,14,202.5,1400
   130.0,1248,6693,0,552,21.42,13.88,19.71,14.61,14,205.5,1400
   131.0,1264,6677,0,552,19.94,13.93,18.75,14.62,14,207.8,1400
   132.0,1280,6661,0,556,23.26,14.00,19.14,14.66,14,211.0,1400
   133.0,1299,6642,0,556,24.95,14.08,20.33,14.70,14,215.5,1400
   134.0,1312,6629,0,556,22.62,14.10,16.55,14.68,14,216.9,1400
   135.0,1328,6613,0,556,21.09,14.17,15.43,14.70,14,186.6,1400
   136.0,1342,6599,0,556,22.13,14.23,16.19,14.69,14,187.9,1400
   137.0,1361,6580,0,556,23.92,14.29,17.50,14.72,14,191.2,1400
   138.0,1373,6568,0,556,21.35,14.35,15.62,14.70,14,192.6,1400
   139.0,1386,6555,0,556,18.86,14.37,13.80,14.69,14,196.3,1400
   140.0,1402,6539,0,557,20.33,14.40,15.38,14.71,14,200.2,1400
   141.0,1414,6527,0,559,21.99,14.41,16.19,14.70,14,203.7,1400
   142.0,1434,6507,0,559,23.51,14.52,18.27,14.74,15,205.8,1400
   143.0,1450,6491,0,559,25.86,14.57,18.92,14.75,15,210.0,1400
   144.0,1462,6479,0,559,20.39,14.62,14.92,14.73,15,216.3,1400
   145.0,1462,6479,0,559,8.49,14.62,6.21,14.62,15,214.3,1400
   146.0,1466,6475,0,562,18.05,14.43,23.10,14.57,15,220.8,1400
   147.0,1481,6460,0,562,19.94,14.46,16.88,14.57,15,188.4,1400
   148.0,1501,6440,0,562,25.73,14.54,18.82,14.61,15,189.6,1400
   149.0,1519,6422,0,562,26.56,14.61,19.42,14.63,15,192.0,1400
   150.0,1534,6407,0,562,23.76,14.65,17.38,14.64,15,196.3,1400
   151.0,1554,6387,0,562,26.97,14.73,19.73,14.67,15,198.7,1400
   152.0,1568,6373,0,562,24.79,14.77,18.13,14.67,15,200.1,1400
   153.0,1578,6363,0,562,18.05,14.78,13.20,14.64,15,203.5,1400
   154.0,1597,6344,0,562,21.12,14.85,15.45,14.67,15,208.1,1400
   155.0,1608,6333,0,566,20.59,14.85,17.07,14.67,15,210.5,1400
   156.0,1627,6314,0,566,27.34,14.92,18.63,14.70,15,215.1,1400
   157.0,1643,6298,0,566,24.06,14.98,17.60,14.71,15,216.2,1400
   158.0,1657,6284,0,566,21.12,15.00,15.45,14.70,15,185.0,1400
   159.0,1672,6269,0,566,20.33,15.04,14.87,14.70,15,186.4,1400
   160.0,1688,6253,0,566,22.33,15.07,16.32,14.71,15,191.7,1400
   161.0,1698,6243,0,566,18.59,15.06,13.60,14.68,15,192.7,1400
   162.0,1714,6227,0,566,18.68,15.11,13.66,14.69,15,194.9,1400
   163.0,1729,6212,0,566,24.25,15.14,17.73,14.69,15,198.4,1400
   164.0,1749,6192,0,566,24.59,15.21,17.98,14.73,15,201.0,1400
   165.0,1758,6183,0,566,21.07,15.20,15.41,14.69,15,204.3,1400
   166.0,1773,6168,0,566,21.83,15.24,15.97,14.69,15,210.8,1400
   167.0,1792,6149,0,566,26.38,15.30,19.30,14.72,15,213.8,1400
   168.0,1808,6133,0,566,24.34,15.34,17.80,14.73,15,214.7,1400
   169.0,1818,6123,0,566,20.12,15.34,14.71,14.70,15,218.2,1400
   170.0,1837,6104,0,566,21.54,15.39,15.75,14.72,15,188.8,1400
   171.0,1861,6080,0,566,30.41,15.50,22.25,14.78,15,189.2,1400
   172.0,1881,6060,0,566,32.24,15.58,23.58,14.81,15,193.6,1400
   173.0,1893,6048,0,567,23.32,15.59,17.59,14.80,15,197.3,1400
   174.0,1912,6029,0,567,27.96,15.64,18.78,14.83,15,199.2,1400
   175.0,1927,6014,0,567,25.17,15.68,18.40,14.83,15,202.7,1400
   176.0,1944,5997,0,567,22.98,15.71,16.81,14.84,15,206.0,1400
   177.0,1958,5983,0,567,22.11,15.74,16.17,14.84,15,208.9,1400
   178.0,1970,5971,0,569,19.13,15.74,15.07,14.83,15,212.7,1400
   179.0,1990,5951,0,569,27.92,15.80,19.45,14.86,15,214.9,1400
   180.0,2005,5936,0,569,25.15,15.84,18.39,14.86,15,218.6,1400
   181.0,2025,5916,0,569,26.13,15.90,19.12,14.89,15,186.5,1400
   182.0,2044,5897,0,569,27.34,15.96,20.00,14.91,15,188.9,1400
   183.0,2050,5891,0,573,17.76,15.96,15.07,14.89,15,190.8,1400
   184.0,2064,5877,0,573,16.00,15.96,14.04,14.88,15,194.9,1400
   185.0,2082,5859,0,573,22.39,15.98,16.38,14.90,15,197.7,1400
   186.0,2094,5847,0,577,21.28,15.99,17.64,14.90,15,201.5,1400
   187.0,2114,5827,0,577,23.21,16.06,19.10,14.93,15,207.5,1400
   188.0,2114,5827,0,577,13.75,16.06,10.06,14.85,15,211.9,1400
   189.0,2118,5823,0,577,21.88,15.89,16.00,14.79,15,214.6,1400
   190.0,2130,5811,0,581,21.49,15.90,19.65,14.80,15,212.6,1400
   191.0,2146,5795,0,581,24.99,15.94,17.99,14.80,15,217.7,1400
   192.0,2166,5775,0,581,27.76,16.00,20.30,14.83,15,220.2,1400
   193.0,2182,5759,0,585,24.62,16.03,20.01,14.86,15,190.3,1400
   194.0,2198,5743,0,585,22.46,16.07,18.48,14.87,15,189.5,1400
   195.0,2214,5727,0,585,23.20,16.10,16.97,14.87,15,194.1,1400
   196.0,2226,5715,0,585,19.28,16.12,14.09,14.86,15,195.9,1400
   197.0,2241,5700,0,585,18.87,16.12,13.80,14.86,15,199.1,1400
   198.0,2252,5689,0,585,18.92,16.12,13.84,14.84,15,201.8,1400
   199.0,2267,5674,0,585,20.22,16.13,14.79,14.84,15,203.8,1400
   200.0,2277,5664,0,585,19.17,16.12,14.02,14.81,15,206.8,1400
   201.0,2289,5652,0,585,18.33,16.14,13.41,14.80,15,210.0,1400
   202.0,2301,5640,0,589,18.31,16.14,15.63,14.81,15,213.6,1400
   203.0,2317,5624,0,589,19.29,16.15,16.13,14.81,15,217.5,1400
   204.0,2328,5613,0,589,19.64,16.16,14.36,14.79,15,218.9,1400
   205.0,2341,5600,0,589,18.98,16.15,13.88,14.78,15,188.7,1400
   206.0,2353,5588,0,589,20.01,16.16,14.64,14.77,15,189.2,1400
   207.0,2369,5572,0,589,23.02,16.18,16.84,14.78,15,193.1,1400
   208.0,2381,5560,0,589,20.38,16.19,14.91,14.76,15,196.4,1400
   209.0,2396,5545,0,589,21.12,16.21,15.45,14.76,15,198.6,1400
   210.0,2406,5535,0,589,17.57,16.20,12.85,14.74,15,201.4,1400
   211.0,2417,5524,0,589,15.07,16.20,11.02,14.72,15,203.9,1400
   212.0,2433,5508,0,589,20.94,16.22,15.31,14.73,15,208.2,1400
   213.0,2449,5492,0,589,22.29,16.26,16.30,14.73,15,210.2,1400
   214.0,2460,5481,0,589,18.60,16.26,13.60,14.72,15,213.4,1400
   215.0,2472,5469,0,589,16.58,16.26,12.12,14.70,15,216.6,1400
   216.0,2488,5453,0,589,20.38,16.27,14.91,14.71,15,219.0,1400
   217.0,2494,5447,0,589,15.08,16.24,11.03,14.67,15,189.0,1400
   218.0,2510,5431,0,589,19.76,16.26,14.45,14.67,15,189.6,1400
   219.0,2522,5419,0,589,19.26,16.25,14.08,14.66,15,192.0,1400
   220.0,2530,5411,0,589,15.15,16.25,11.08,14.63,15,194.4,1400
   221.0,2541,5400,0,589,15.73,16.23,11.51,14.61,15,197.6,1400
   222.0,2552,5389,0,589,16.36,16.23,11.97,14.60,15,200.7,1400
   223.0,2564,5377,0,589,16.02,16.25,11.72,14.58,15,203.9,1400
   224.0,2570,5371,0,590,12.50,16.19,9.65,14.55,15,207.2,1400
   225.0,2585,5356,0,590,17.68,16.20,11.53,14.55,15,210.0,1400
   226.0,2605,5336,0,590,24.65,16.25,18.03,14.58,15,212.1,1400
   227.0,2615,5326,0,590,22.39,16.24,16.38,14.55,15,215.3,1400
   228.0,2627,5314,0,590,16.64,16.25,12.17,14.54,15,218.6,1400
   229.0,2639,5302,0,590,19.73,16.26,14.43,14.53,15,189.3,1400
   230.0,2655,5286,0,590,19.97,16.28,14.61,14.54,15,190.8,1400
   231.0,2671,5270,0,590,22.59,16.29,16.52,14.54,15,192.4,1400
   232.0,2682,5259,0,590,19.22,16.30,14.05,14.53,15,194.9,1400
   233.0,2698,5243,0,590,21.60,16.33,15.80,14.54,15,199.0,1400
   234.0,2713,5228,0,590,21.29,16.33,15.57,14.54,15,201.7,1400
   235.0,2725,5216,0,590,19.34,16.35,14.14,14.53,15,204.5,1400
   236.0,2737,5204,0,590,18.12,16.35,13.25,14.52,15,207.8,1400
   237.0,2751,5190,0,590,18.35,16.35,13.42,14.51,15,211.2,1400
   238.0,2767,5174,0,590,23.11,16.38,16.90,14.52,15,214.2,1400
   239.0,2783,5158,0,590,22.95,16.41,16.79,14.53,15,215.9,1400
   240.0,2798,5143,0,590,21.59,16.42,15.79,14.53,15,219.8,1400
   241.0,2814,5127,0,590,21.94,16.44,16.05,14.53,15,191.3,1400
   242.0,2830,5111,0,590,23.87,16.46,17.46,14.54,15,190.5,1400
   243.0,2839,5102,0,590,17.88,16.45,13.08,14.52,15,193.5,1400
   244.0,2855,5086,0,590,18.55,16.47,13.56,14.52,15,197.0,1400
   245.0,2875,5066,0,590,25.32,16.50,18.52,14.55,15,199.4,1400
   246.0,2875,5066,0,590,13.99,16.50,10.24,14.49,15,211.1,1400
   247.0,2875,5066,0,590,0.00,16.50,0.00,14.43,15,205.9,1400
   248.0,2887,5054,0,590,28.48,16.37,20.83,14.42,15,211.3,1400
   249.0,2903,5038,0,590,24.29,16.40,17.77,14.42,15,209.2,1400
   250.0,2908,5033,0,590,15.55,16.37,11.38,14.38,15,216.0,1400
   251.0,2919,5022,0,590,11.80,16.36,8.63,14.37,15,218.3,1400
   252.0,2929,5012,0,590,14.37,16.35,10.51,14.35,15,219.5,1400
   253.0,2940,5001,0,590,15.74,16.34,11.51,14.34,15,188.8,1400
   254.0,2956,4985,0,590,19.27,16.36,14.09,14.34,15,191.8,1400
   255.0,2968,4973,0,593,19.98,16.36,16.18,14.35,15,193.6,1400
   256.0,2988,4953,0,593,22.60,16.40,18.08,14.37,15,196.2,1400
   257.0,2999,4942,0,593,21.36,16.41,15.62,14.36,15,199.6,1400
   258.0,3009,4932,0,593,14.81,16.38,10.83,14.34,15,205.0,1400
   259.0,3016,4925,0,593,11.84,16.37,8.66,14.31,15,206.2,1400
   260.0,3031,4910,0,593,17.50,16.38,12.80,14.31,15,208.7,1400
   261.0,3045,4896,0,593,20.11,16.38,14.71,14.31,15,210.8,1400
   262.0,3061,4880,0,593,22.49,16.41,16.45,14.32,15,214.1,1400
   263.0,3069,4872,0,596,17.87,16.41,14.71,14.31,15,218.4,1400
   264.0,3085,4856,0,596,18.41,16.40,15.15,14.31,15,186.5,1400
   265.0,3101,4840,0,596,24.00,16.43,17.55,14.32,15,191.4,1400
   266.0,3113,4828,0,596,20.37,16.43,14.90,14.31,15,192.6,1400
   267.0,3129,4812,0,596,21.66,16.46,15.85,14.32,15,194.0,1400
   268.0,3138,4803,0,596,17.22,16.43,12.59,14.30,15,197.7,1400
   269.0,3150,4791,0,596,14.69,16.44,10.75,14.29,15,200.0,1400
   270.0,3166,4775,0,596,20.46,16.45,14.97,14.29,15,202.5,1400
   271.0,3182,4759,0,596,22.88,16.49,16.74,14.30,15,206.6,1400
   272.0,3198,4743,0,596,22.32,16.49,16.33,14.31,15,210.8,1400
   273.0,3206,4735,0,596,17.27,16.48,12.63,14.28,15,213.2,1400
   274.0,3222,4719,0,596,20.51,16.50,15.00,14.29,15,216.5,1400
   275.0,3238,4703,0,596,22.04,16.52,16.12,14.30,15,218.1,1400
   276.0,3254,4687,0,596,22.52,16.54,16.47,14.30,15,187.1,1400
   277.0,3269,4672,0,596,21.68,16.54,15.86,14.30,15,188.5,1400
   278.0,3285,4656,0,596,22.95,16.56,16.78,14.31,15,191.8,1400
   279.0,3297,4644,0,596,20.94,16.57,15.32,14.30,15,195.7,1400
   280.0,3313,4628,0,596,21.29,16.58,15.57,14.31,15,197.7,1400
   281.0,3324,4617,0,596,21.09,16.58,15.43,14.30,15,200.3,1400
   282.0,3339,4602,0,596,22.54,16.59,16.49,14.30,15,205.5,1400
   283.0,3355,4586,0,596,21.50,16.62,15.73,14.30,15,206.5,1400
   284.0,3367,4574,0,596,20.76,16.63,15.18,14.30,15,209.6,1400
   285.0,3377,4564,0,596,15.74,16.62,11.51,14.28,15,213.5,1400
   286.0,3381,4560,0,596,10.41,16.57,7.61,14.24,15,216.6,1400
   287.0,3393,4548,0,596,12.94,16.57,9.46,14.24,14,219.6,1400
   288.0,3404,4537,0,596,17.23,16.56,12.60,14.22,14,188.8,1400
   289.0,3420,4521,0,596,19.03,16.59,13.92,14.23,14,192.1,1400
   290.0,3435,4506,0,596,21.76,16.59,15.91,14.23,14,192.3,1400
   291.0,3451,4490,0,596,21.28,16.61,15.56,14.24,14,194.8,1400
   292.0,3462,4479,0,596,18.88,16.61,13.81,14.23,14,197.3,1400
   293.0,3478,4463,0,596,19.76,16.62,14.45,14.23,14,201.1,1400
   294.0,3486,4455,0,596,17.24,16.62,12.61,14.21,14,204.5,1400
   295.0,3496,4445,0,596,13.62,16.60,9.96,14.20,14,208.6,1400
   296.0,3511,4430,0,596,17.15,16.60,12.54,14.20,14,211.1,1400
   297.0,3518,4423,0,596,15.31,16.58,11.20,14.18,14,214.5,1400
   298.0,3534,4407,0,596,19.99,16.60,14.62,14.18,14,214.7,1400
   299.0,3548,4393,0,596,21.58,16.60,15.78,14.18,14,218.8,1400
   300.0,3555,4386,0,596,15.40,16.59,11.27,14.16,14,188.5,1400
   301.0,3569,4372,0,596,17.43,16.59,12.75,14.16,14,190.6,1400
   302.0,3580,4361,0,596,17.76,16.59,12.99,14.15,14,191.6,1400
   303.0,3596,4345,0,596,20.51,16.61,15.00,14.15,14,195.5,1400
   304.0,3607,4334,0,596,19.71,16.61,14.42,14.14,14,199.3,1400
   305.0,3623,4318,0,596,19.60,16.62,14.34,14.15,14,200.9,1400
   306.0,3634,4307,0,596,18.94,16.61,13.85,14.14,14,204.2,1400
   307.0,3646,4295,0,596,17.85,16.61,13.05,14.13,14,206.6,1400
   308.0,3656,4285,0,596,17.57,16.60,12.85,14.12,14,210.7,1400
   309.0,3663,4278,0,596,12.21,16.59,8.93,14.09,14,214.7,1400
   310.0,3673,4268,0,596,13.66,16.57,9.99,14.08,14,216.4,1400
   311.0,3684,4257,0,596,16.13,16.57,11.80,14.07,14,219.0,1400
   312.0,3694,4247,0,596,15.07,16.56,11.02,14.06,14,188.4,1400
   313.0,3710,4231,0,596,20.49,16.57,14.99,14.06,14,191.9,1400
   314.0,3726,4215,0,596,22.92,16.59,16.76,14.07,14,192.6,1400
   315.0,3737,4204,0,596,19.19,16.59,14.03,14.06,14,194.6,1400
   316.0,3747,4194,0,596,15.49,16.57,11.33,14.05,14,197.2,1400
   317.0,3757,4184,0,596,13.91,16.56,10.17,14.03,14,200.3,1400
   318.0,3763,4178,0,596,12.50,16.54,9.14,14.01,14,203.9,1400
   319.0,3775,4166,0,596,15.60,16.55,11.41,14.00,14,207.1,1400
   320.0,3794,4147,0,596,22.58,16.56,16.52,14.02,14,209.5,1400
   321.0,3810,4131,0,596,25.07,16.58,18.33,14.02,14,212.5,1400
   322.0,3815,4126,0,596,16.08,16.56,11.76,13.99,14,216.2,1400
   323.0,3824,4117,0,596,10.49,16.54,7.67,13.98,14,219.8,1400
   324.0,3834,4107,0,596,13.06,16.54,9.55,13.97,14,221.8,1400
   325.0,3844,4097,0,596,15.76,16.53,11.53,13.95,14,191.5,1400
   326.0,3856,4085,0,596,15.83,16.53,11.58,13.95,14,191.9,1400
   327.0,3870,4071,0,596,18.58,16.53,13.59,13.95,14,194.8,1400
   328.0,3880,4061,0,596,17.92,16.52,13.11,13.94,14,198.4,1400
   329.0,3895,4046,0,596,18.57,16.53,13.58,13.94,14,201.4,1400
   330.0,3902,4039,0,596,15.33,16.53,11.21,13.92,14,202.3,1400
   331.0,3912,4029,0,596,13.47,16.50,9.85,13.90,14,205.9,1400
   332.0,3919,4022,0,596,11.95,16.49,8.74,13.88,14,208.2,1400
   333.0,3929,4012,0,596,14.29,16.48,10.45,13.87,14,211.3,1400
   334.0,3940,4001,0,596,16.16,16.48,11.82,13.86,14,213.9,1400
   335.0,3952,3989,0,596,16.99,16.48,12.41,13.86,14,219.1,1400
   336.0,3968,3973,0,596,19.60,16.48,14.34,13.86,14,220.6,1400
   337.0,3973,3968,0,596,14.46,16.45,10.58,13.84,14,193.0,1400
   338.0,3979,3962,0,596,8.27,16.44,6.05,13.81,14,192.1,1400
   339.0,3988,3953,0,596,12.09,16.42,8.84,13.80,14,195.3,1400
   340.0,4000,3941,0,596,17.70,16.42,12.95,13.79,14,198.0,1400
   341.0,4012,3929,0,596,17.63,16.43,12.90,13.79,14,199.1,1400
   342.0,4032,3909,0,596,22.86,16.45,16.72,13.81,14,203.8,1400
   343.0,4044,3897,0,596,22.37,16.45,16.36,13.80,14,204.9,1400
   344.0,4056,3885,0,596,19.34,16.45,14.14,13.80,14,208.5,1400
   345.0,4067,3874,0,596,18.38,16.45,13.44,13.79,14,212.3,1400
   346.0,4083,3858,0,596,19.84,16.47,14.51,13.79,14,214.1,1400
   347.0,4099,3842,0,596,22.33,16.48,16.33,13.80,14,218.1,1400
   348.0,4115,3826,0,596,21.95,16.49,16.06,13.81,14,221.8,1400
   349.0,4127,3814,0,596,20.52,16.50,15.01,13.80,14,191.1,1400
   350.0,4147,3794,0,596,26.42,16.52,19.32,13.82,14,192.2,1400
   351.0,4152,3789,0,596,17.54,16.50,12.83,13.79,14,197.4,1400
   352.0,4164,3777,0,596,15.60,16.51,11.40,13.79,14,196.8,1400
   353.0,4180,3761,0,596,20.29,16.51,14.84,13.80,14,199.5,1400
   354.0,4196,3745,0,596,22.32,16.53,16.33,13.80,14,203.6,1400
   355.0,4216,3725,0,596,26.97,16.55,19.73,13.82,14,206.4,1400
   356.0,4227,3714,0,596,21.79,16.56,15.93,13.81,14,210.1,1400
   357.0,4243,3698,0,596,20.25,16.57,14.81,13.82,14,221.0,1400
   358.0,4243,3698,0,596,11.60,16.57,8.49,13.78,14,219.9,1400
   359.0,4247,3694,0,596,21.88,16.49,16.00,13.75,14,219.1,1400
   360.0,4258,3683,0,600,17.65,16.48,16.35,13.75,14,221.4,1400
   361.0,4269,3672,0,600,18.87,16.48,13.42,13.75,14,192.8,1400
   362.0,4281,3660,0,600,18.85,16.49,13.79,13.74,14,192.0,1400
   363.0,4293,3648,0,600,17.54,16.49,12.83,13.74,14,195.4,1400
   364.0,4309,3632,0,600,20.11,16.49,14.71,13.74,14,199.3,1400
   365.0,4319,3622,0,600,18.46,16.49,13.50,13.73,14,201.5,1400
   366.0,4335,3606,0,600,21.27,16.50,15.56,13.74,14,205.1,1400
   367.0,4347,3594,0,600,21.27,16.51,15.56,13.73,14,208.3,1400
   368.0,4363,3578,0,600,20.20,16.52,14.78,13.74,14,210.8,1400
   369.0,4379,3562,0,600,24.18,16.53,17.69,13.75,14,214.6,1400
   370.0,4391,3550,0,600,20.19,16.54,14.76,13.74,14,216.3,1400
   371.0,4407,3534,0,600,22.32,16.55,16.33,13.75,14,220.2,1400
   372.0,4421,3520,0,600,20.79,16.55,15.21,13.75,14,222.9,1400
   373.0,4433,3508,0,600,18.49,16.56,13.52,13.74,14,192.4,1400
   374.0,4444,3497,0,600,18.84,16.55,13.78,13.74,14,193.0,1400
   375.0,4460,3481,0,600,20.20,16.56,14.78,13.74,14,196.5,1400
   376.0,4476,3465,0,600,23.99,16.58,17.54,13.75,14,198.8,1400
   377.0,4488,3453,0,600,20.47,16.58,14.97,13.74,14,202.0,1400
   378.0,4498,3443,0,600,16.79,16.57,12.28,13.73,14,205.3,1400
   379.0,4509,3432,0,600,16.46,16.56,12.04,13.73,14,208.1,1400
   380.0,4520,3421,0,600,17.97,16.56,13.14,13.72,14,210.6,1400
   381.0,4536,3405,0,600,20.75,16.58,15.18,13.73,14,213.2,1400
   382.0,4548,3393,0,600,21.29,16.59,15.57,13.72,14,216.6,1400
   383.0,4554,3387,0,600,13.95,16.57,10.20,13.70,14,219.5,1400
   384.0,4568,3373,0,600,13.94,16.56,10.19,13.70,14,222.2,1400
   385.0,4579,3362,0,600,17.29,16.57,12.65,13.69,14,192.2,1400
   386.0,4589,3352,0,600,15.30,16.55,11.19,13.68,14,193.4,1400
   387.0,4600,3341,0,600,16.79,16.55,12.28,13.68,14,196.1,1400
   388.0,4616,3325,0,600,20.20,16.56,14.78,13.68,14,197.8,1400
   389.0,4627,3314,0,600,19.38,16.55,14.17,13.68,14,200.8,1400
   390.0,4639,3302,0,600,18.83,16.55,13.77,13.67,14,203.7,1400
   391.0,4655,3286,0,600,23.19,16.57,16.96,13.68,14,207.4,1400
   392.0,4663,3278,0,604,17.80,16.56,15.19,13.67,14,209.7,1400
   393.0,4678,3263,0,604,17.59,16.57,15.10,13.68,14,214.4,1400
   394.0,4689,3252,0,604,18.21,16.57,13.32,13.67,14,217.4,1400
   395.0,4705,3236,0,604,20.46,16.58,14.97,13.68,14,219.4,1400
   396.0,4717,3224,0,604,19.31,16.58,14.13,13.67,14,223.1,1400
   397.0,4733,3208,0,604,19.50,16.59,14.26,13.68,14,193.2,1400
   398.0,4744,3197,0,604,18.57,16.59,13.58,13.67,14,192.1,1400
   399.0,4756,3185,0,604,16.41,16.59,12.00,13.67,14,196.8,1400
   400.0,4772,3169,0,604,20.05,16.59,14.67,13.67,14,199.0,1400
   401.0,4776,3165,0,604,14.89,16.57,10.89,13.65,14,203.0,1400
   402.0,4782,3159,0,604,9.36,16.56,6.85,13.63,14,204.4,1400
   403.0,4792,3149,0,604,11.98,16.54,8.76,13.62,14,207.7,1400
   404.0,4803,3138,0,604,15.45,16.54,11.30,13.61,14,209.5,1400
   405.0,4809,3132,0,604,13.62,16.52,9.96,13.59,14,214.3,1400
   406.0,4821,3120,0,604,13.39,16.52,9.79,13.59,14,215.4,1400
   407.0,4837,3104,0,604,21.26,16.53,15.55,13.60,14,218.4,1400
   408.0,4849,3092,0,604,20.14,16.53,14.73,13.59,14,221.5,1400
   409.0,4865,3076,0,604,21.13,16.54,15.45,13.60,14,191.4,1400
   410.0,4876,3065,0,604,18.86,16.54,13.80,13.59,14,191.5,1400
   411.0,4892,3049,0,604,20.37,16.55,14.90,13.60,14,194.9,1400
   412.0,4900,3041,0,608,17.46,16.53,14.90,13.59,14,197.3,1400
   413.0,4912,3029,0,608,19.80,16.54,13.25,13.59,14,201.2,1400
   414.0,4923,3018,0,608,18.77,16.53,13.73,13.58,14,204.1,1400
   415.0,4934,3007,0,608,16.24,16.53,11.88,13.58,14,205.9,1400
   416.0,4946,2995,0,608,18.70,16.53,13.67,13.57,14,211.0,1400
   417.0,4958,2983,0,608,17.84,16.53,13.05,13.57,14,213.6,1400
   418.0,4974,2967,0,608,20.41,16.54,14.93,13.57,14,215.1,1400
   419.0,4982,2959,0,608,16.69,16.55,12.21,13.56,14,217.1,1400
   420.0,4992,2949,0,608,13.52,16.52,9.89,13.55,14,219.8,1400
   421.0,5004,2937,0,608,15.74,16.52,11.51,13.55,14,190.1,1400
   422.0,5015,2926,0,608,17.58,16.52,12.86,13.54,14,191.8,1400
   423.0,5027,2914,0,608,16.88,16.52,12.35,13.54,14,194.9,1400
   424.0,5033,2908,0,608,13.62,16.50,9.96,13.52,14,199.3,1400
   425.0,5045,2896,0,608,13.30,16.50,9.73,13.52,14,199.5,1400
   426.0,5061,2880,0,608,20.85,16.51,15.25,13.52,14,203.4,1400
   427.0,5073,2868,0,608,19.38,16.51,14.18,13.52,14,206.7,1400
   428.0,5081,2860,0,608,16.41,16.50,11.51,13.51,14,209.5,1400
   429.0,5089,2852,0,608,12.59,16.49,9.21,13.49,14,217.4,1400
   430.0,5089,2852,0,608,5.67,16.49,4.15,13.46,14,216.7,1400
   431.0,5089,2852,0,608,0.00,16.49,0.00,13.43,14,220.8,1400
   432.0,5101,2840,0,608,19.03,16.41,13.92,13.43,14,220.2,1400
   433.0,5117,2824,0,608,20.56,16.42,15.04,13.43,14,189.9,1400
   434.0,5129,2812,0,608,19.57,16.42,14.31,13.43,14,191.4,1400
   435.0,5145,2796,0,608,21.91,16.43,16.03,13.44,14,193.9,1400
   436.0,5152,2789,0,608,16.10,16.42,11.78,13.42,14,196.6,1400
   437.0,5164,2777,0,608,15.55,16.43,11.38,13.42,14,200.6,1400
   438.0,5179,2762,0,608,19.37,16.43,14.17,13.42,14,202.6,1400
   439.0,5190,2751,0,608,18.23,16.43,13.33,13.41,14,205.4,1400
   440.0,5202,2739,0,608,17.55,16.43,12.83,13.41,14,209.0,1400
   441.0,5217,2724,0,608,19.79,16.43,14.48,13.42,14,210.8,1400
   442.0,5228,2713,0,608,18.03,16.43,13.18,13.41,14,214.2,1400
   443.0,5232,2709,0,608,11.24,16.43,8.22,13.39,14,217.3,1400
   444.0,5243,2698,0,608,11.59,16.40,8.47,13.38,14,220.4,1400
   445.0,5245,2696,0,608,9.20,16.38,6.73,13.36,14,190.2,1400
   446.0,5252,2689,0,608,8.82,16.36,6.45,13.34,14,194.7,1400
   447.0,5268,2673,0,608,18.04,16.36,13.19,13.35,14,194.3,1400
   448.0,5279,2662,0,608,20.66,16.36,15.11,13.34,14,197.4,1400
   449.0,5291,2650,0,608,18.56,16.37,13.58,13.34,14,200.6,1400
   450.0,5307,2634,0,608,22.05,16.38,16.13,13.35,14,202.4,1400
   451.0,5323,2618,0,608,22.52,16.39,16.47,13.35,14,204.2,1400
   452.0,5334,2607,0,608,19.36,16.39,14.16,13.35,14,207.8,1400
   453.0,5350,2591,0,608,19.73,16.39,14.43,13.35,14,212.2,1400
   454.0,5358,2583,0,608,18.12,16.39,13.25,13.34,14,215.3,1400
   455.0,5364,2577,0,608,11.84,16.38,8.66,13.32,14,217.4,1400
   456.0,5366,2575,0,608,5.68,16.34,4.16,13.30,14,219.8,1400
   457.0,5378,2563,0,608,10.37,16.34,7.58,13.30,14,222.0,1400
   458.0,5390,2551,0,608,17.17,16.34,12.56,13.29,14,191.9,1400
   459.0,5406,2535,0,608,20.16,16.35,14.74,13.30,14,193.8,1400
   460.0,5418,2523,0,608,19.32,16.35,14.13,13.30,14,196.3,1400
   461.0,5433,2508,0,608,22.08,16.35,16.15,13.30,14,199.0,1400
   462.0,5445,2496,0,608,18.69,16.36,13.67,13.30,14,203.2,1400
   463.0,5457,2484,0,608,18.98,16.36,13.88,13.29,14,206.2,1400
   464.0,5469,2472,0,612,19.37,16.37,16.53,13.30,14,207.1,1400
   465.0,5480,2461,0,612,16.87,16.35,14.48,13.30,14,210.9,1400
   466.0,5491,2450,0,612,18.33,16.35,13.41,13.29,14,214.8,1400
   467.0,5503,2438,0,612,17.33,16.35,12.68,13.29,14,218.6,1400
   468.0,5519,2422,0,612,21.80,16.36,15.95,13.29,14,219.5,1400
   469.0,5531,2410,0,612,20.81,16.37,15.21,13.29,14,221.9,1400
   470.0,5543,2398,0,612,17.95,16.37,13.13,13.29,14,193.5,1400
   471.0,5552,2389,0,612,15.42,16.35,11.28,13.28,14,193.8,1400
   472.0,5553,2388,0,616,8.48,16.32,8.67,13.26,14,196.2,1400
   473.0,5556,2385,0,616,4.94,16.31,4.45,13.24,14,198.0,1400
   474.0,5559,2382,0,616,5.26,16.27,3.85,13.22,13,201.8,1400
   475.0,5564,2377,0,616,5.07,16.28,4.23,13.20,13,214.0,1400
   476.0,5564,2377,0,616,2.82,16.28,2.57,13.17,13,207.2,1400
   477.0,5564,2377,0,616,0.00,16.28,0.00,13.14,13,213.7,1400
   478.0,5576,2365,0,616,18.09,16.19,13.23,13.14,13,209.9,1400
   479.0,5588,2353,0,616,17.22,16.19,12.59,13.14,13,214.7,1400
   480.0,5603,2338,0,616,19.99,16.19,14.62,13.14,13,216.7,1400
   481.0,5615,2326,0,616,19.82,16.19,14.50,13.14,13,219.7,1400
   482.0,5627,2314,0,616,19.70,16.20,14.41,13.14,13,191.7,1400
   483.0,5643,2298,0,616,20.63,16.20,15.09,13.14,13,193.6,1400
   484.0,5659,2282,0,616,22.00,16.21,16.09,13.15,13,195.6,1400
   485.0,5675,2266,0,616,23.50,16.22,17.19,13.16,13,197.9,1400
   486.0,5682,2259,0,616,17.45,16.22,12.76,13.14,13,200.0,1400
   487.0,5693,2248,0,616,14.88,16.21,10.88,13.14,13,204.2,1400
   488.0,5703,2238,0,616,15.28,16.20,11.18,13.13,13,207.5,1400
   489.0,5719,2222,0,616,19.21,16.22,14.05,13.14,13,209.7,1400
   490.0,5735,2206,0,616,24.72,16.23,18.08,13.14,13,212.7,1400
   491.0,5751,2190,0,616,23.87,16.24,17.46,13.15,13,216.2,1400
   492.0,5767,2174,0,616,24.32,16.25,17.78,13.16,13,218.4,1400
   493.0,5779,2162,0,616,21.48,16.26,15.71,13.15,13,222.8,1400
   494.0,5789,2152,0,616,16.96,16.25,12.41,13.15,13,193.6,1400
   495.0,5800,2141,0,616,16.26,16.25,11.89,13.14,13,193.4,1400
   496.0,5814,2127,0,616,17.69,16.25,12.94,13.14,13,195.8,1400
   497.0,5826,2115,0,616,18.08,16.25,13.22,13.14,13,199.1,1400
   498.0,5837,2104,0,616,17.63,16.25,12.89,13.14,13,201.8,1400
   499.0,5849,2092,0,616,19.32,16.25,14.13,13.13,13,203.7,1400
   500.0,5865,2076,0,616,20.47,16.26,14.97,13.14,13,208.6,1400
   501.0,5877,2064,0,616,20.16,16.26,14.74,13.14,13,209.4,1400
   502.0,5887,2054,0,616,16.81,16.25,12.30,13.13,13,212.5,1400
   503.0,5899,2042,0,616,15.86,16.26,11.60,13.13,13,215.2,1400
   504.0,5915,2026,0,616,21.28,16.26,15.56,13.14,13,220.4,1400
   505.0,5927,2014,0,616,21.06,16.27,15.40,13.13,13,220.7,1400
   506.0,5943,1998,0,616,21.57,16.28,15.77,13.14,13,191.1,1400
   507.0,5955,1986,0,616,19.67,16.28,14.39,13.14,13,192.8,1400
   508.0,5970,1971,0,616,20.30,16.29,14.85,13.14,13,194.7,1400
   509.0,5986,1955,0,616,21.97,16.30,16.07,13.15,13,199.5,1400
   510.0,5998,1943,0,616,19.57,16.30,14.31,13.14,13,200.2,1400
   511.0,6014,1927,0,616,21.07,16.31,15.41,13.15,13,204.8,1400
   512.0,6026,1915,0,616,20.27,16.31,14.82,13.15,13,207.6,1400
   513.0,6042,1899,0,616,21.94,16.32,16.05,13.15,13,210.2,1400
   514.0,6054,1887,0,616,19.89,16.32,14.55,13.15,13,213.0,1400
   515.0,6066,1875,0,616,20.56,16.32,15.04,13.15,13,217.5,1400
   516.0,6078,1863,0,620,18.43,16.33,15.73,13.15,13,218.6,1400
   517.0,6090,1851,0,620,17.67,16.32,15.08,13.15,13,222.8,1400
   518.0,6096,1845,0,624,14.24,16.31,12.73,13.15,13,193.0,1400
   519.0,6103,1838,0,624,10.65,16.29,8.79,13.13,13,192.9,1400
   520.0,6119,1822,0,624,19.60,16.30,14.34,13.14,13,194.9,1400
   521.0,6130,1811,0,624,19.53,16.30,14.29,13.13,13,197.9,1400
   522.0,6141,1800,0,624,16.96,16.30,12.41,13.13,13,201.2,1400
   523.0,6153,1788,0,624,16.38,16.30,11.98,13.13,13,204.6,1400
   524.0,6169,1772,0,624,22.12,16.31,16.18,13.13,13,206.5,1400
   525.0,6181,1760,0,624,19.80,16.31,14.49,13.13,13,209.6,1400
   526.0,6197,1744,0,624,21.52,16.32,15.74,13.14,13,214.0,1400
   527.0,6209,1732,0,624,20.57,16.32,15.05,13.14,13,216.0,1400
   528.0,6225,1716,0,624,22.01,16.33,16.09,13.14,13,219.6,1400
   529.0,6241,1700,0,624,22.41,16.34,16.39,13.15,13,222.4,1400
   530.0,6252,1689,0,624,21.00,16.34,15.36,13.14,13,191.9,1400
   531.0,6260,1681,0,628,14.59,16.33,12.91,13.14,13,193.9,1400
   532.0,6276,1665,0,628,16.87,16.34,14.40,13.15,13,196.6,1400
   533.0,6292,1649,0,628,22.63,16.35,16.55,13.15,13,198.8,1400
   534.0,6308,1633,0,628,23.11,16.36,16.90,13.16,13,202.9,1400
   535.0,6320,1621,0,628,22.35,16.36,16.35,13.15,13,204.5,1400
   536.0,6336,1605,0,628,21.65,16.37,15.84,13.16,13,208.4,1400
   537.0,6344,1597,0,628,16.82,16.37,12.30,13.15,13,212.1,1400
   538.0,6357,1584,0,628,15.73,16.36,11.51,13.15,13,215.2,1400
   539.0,6373,1568,0,628,20.54,16.37,15.03,13.15,13,217.5,1400
   540.0,6389,1552,0,628,24.14,16.38,17.66,13.16,13,219.7,1400
   541.0,6401,1540,0,628,21.69,16.38,15.86,13.16,13,223.7,1400
   542.0,6417,1524,0,628,22.75,16.40,16.64,13.16,13,192.7,1400
   543.0,6433,1508,0,628,23.04,16.40,16.85,13.17,13,196.1,1400
   544.0,6449,1492,0,628,22.93,16.41,16.77,13.17,13,198.8,1400
   545.0,6460,1481,0,628,20.49,16.41,14.98,13.17,13,199.6,1400
   546.0,6476,1465,0,628,22.29,16.42,16.30,13.18,13,203.5,1400
   547.0,6488,1453,0,628,20.84,16.42,15.24,13.17,13,207.6,1400
   548.0,6498,1443,0,628,17.44,16.41,12.75,13.17,13,207.9,1400
   549.0,6514,1427,0,628,19.30,16.42,14.12,13.17,13,212.7,1400
   550.0,6526,1415,0,628,21.64,16.43,15.83,13.17,13,215.4,1400
   551.0,6538,1403,0,628,18.70,16.43,13.68,13.17,13,219.3,1400
   552.0,6548,1393,0,628,16.75,16.42,12.25,13.16,13,221.0,1400
   553.0,6554,1387,0,628,11.39,16.41,8.33,13.15,13,223.6,1400
   554.0,6564,1377,0,628,14.21,16.40,10.40,13.14,13,192.9,1400
   555.0,6571,1370,0,628,12.03,16.40,8.80,13.13,13,193.2,1400
   556.0,6580,1361,0,628,13.11,16.38,9.59,13.12,13,198.8,1400
   557.0,6591,1350,0,628,16.32,16.38,11.94,13.12,13,199.6,1400
   558.0,6603,1338,0,628,19.51,16.38,14.27,13.12,13,202.4,1400
   559.0,6619,1322,0,628,21.13,16.39,15.44,13.12,13,206.6,1400
   560.0,6635,1306,0,628,22.87,16.40,16.73,13.13,13,208.1,1400
   561.0,6643,1298,0,630,17.68,16.39,14.01,13.12,13,211.1,1400
   562.0,6655,1286,0,630,20.45,16.39,13.51,13.12,13,215.0,1400
   563.0,6671,1270,0,630,21.45,16.40,15.69,13.13,13,218.7,1400
   564.0,6687,1254,0,630,22.59,16.41,16.52,13.13,13,220.4,1400
   565.0,6698,1243,0,630,19.36,16.40,14.16,13.13,13,224.0,1400
   566.0,6710,1231,0,630,16.82,16.41,12.31,13.13,13,195.4,1400
   567.0,6722,1219,0,630,19.97,16.41,14.61,13.12,13,194.1,1400
   568.0,6736,1205,0,630,20.29,16.41,14.84,13.13,13,197.5,1400
   569.0,6748,1193,0,630,19.47,16.41,14.24,13.12,13,200.7,1400
   570.0,6759,1182,0,630,18.32,16.42,13.40,13.12,13,201.5,1400
   571.0,6772,1169,0,630,16.76,16.41,12.26,13.12,13,205.6,1400
   572.0,6784,1157,0,630,19.81,16.41,14.49,13.12,13,209.7,1400
   573.0,6789,1152,0,630,13.05,16.40,9.55,13.10,13,211.5,1400
   574.0,6805,1136,0,630,18.95,16.40,13.86,13.11,13,214.7,1400
   575.0,6821,1120,0,630,22.15,16.41,16.20,13.11,13,217.9,1400
   576.0,6833,1108,0,630,20.28,16.42,14.83,13.11,13,221.9,1400
   577.0,6843,1098,0,630,16.57,16.41,12.12,13.11,13,224.0,1400
   578.0,6855,1086,0,630,16.78,16.41,12.28,13.10,13,195.0,1400
   579.0,6871,1070,0,630,21.28,16.42,15.56,13.11,13,193.9,1400
   580.0,6887,1054,0,630,22.55,16.43,16.49,13.11,13,197.8,1400
   581.0,6899,1042,0,630,19.56,16.43,14.31,13.11,13,200.9,1400
   582.0,6911,1030,0,630,18.36,16.43,13.43,13.11,13,204.1,1400
   583.0,6927,1014,0,630,20.70,16.44,15.14,13.12,13,205.9,1400
   584.0,6943,998,0,630,22.13,16.45,16.19,13.12,13,210.3,1400
   585.0,6955,986,0,630,19.29,16.45,14.11,13.12,13,212.2,1400
   586.0,6965,976,0,630,15.97,16.44,11.68,13.11,13,216.1,1400
   587.0,6981,960,0,630,21.03,16.45,15.38,13.12,13,219.3,1400
   588.0,6988,953,0,630,16.74,16.44,12.25,13.11,13,222.0,1400
   589.0,7003,938,0,630,18.76,16.44,13.72,13.11,13,224.6,1400
   590.0,7015,926,0,630,20.16,16.44,14.75,13.11,13,195.9,1400
   591.0,7021,920,0,630,14.14,16.43,10.34,13.10,13,196.0,1400
   592.0,7032,909,0,630,13.50,16.43,9.87,13.09,13,199.2,1400
   593.0,7044,897,0,630,17.12,16.43,12.52,13.09,13,201.4,1400
   594.0,7059,882,0,630,19.58,16.43,14.32,13.09,13,203.2,1400
   595.0,7066,875,0,634,15.18,16.43,13.12,13.09,13,205.9,1400
   596.0,7082,859,0,634,17.45,16.43,14.98,13.10,13,209.8,1400
   597.0,7098,843,0,634,22.81,16.44,16.68,13.10,13,212.5,1400
   598.0,7110,831,0,634,19.99,16.44,14.62,13.10,13,215.5,1400
   599.0,7126,815,0,634,21.00,16.45,15.36,13.10,13,218.8,1400
   600.0,7137,804,0,634,19.76,16.45,14.45,13.10,13,221.1,1400
   601.0,7153,788,0,634,19.78,16.46,14.47,13.10,13,224.5,1400
   602.0,7169,772,0,634,22.70,16.47,16.61,13.11,13,194.2,1400
   603.0,7185,756,0,634,23.03,16.47,16.84,13.11,13,195.2,1400
   604.0,7201,740,0,634,23.48,16.48,17.18,13.12,13,199.6,1400
   605.0,7217,724,0,634,24.77,16.49,18.12,13.12,13,203.2,1400
   606.0,7228,713,0,634,20.56,16.49,15.04,13.12,13,205.5,1400
   607.0,7230,711,0,634,10.23,16.48,7.48,13.10,13,210.6,1400
   608.0,7232,709,0,634,3.65,16.47,2.66,13.08,13,217.4,1400
   609.0,7232,709,0,634,1.44,16.47,1.05,13.06,13,213.6,1400
   610.0,7232,709,0,634,0.00,16.47,0.00,13.04,13,220.0,1400
   611.0,7242,699,0,634,17.03,16.39,12.45,13.04,13,217.9,1400
   612.0,7250,691,0,634,13.65,16.39,9.98,13.03,13,220.0,1400
   613.0,7262,679,0,637,16.56,16.38,13.93,13.03,13,223.8,1400
   614.0,7269,672,0,637,16.04,16.38,11.74,13.02,13,194.0,1400
   615.0,7280,661,0,637,14.08,16.37,10.30,13.02,13,192.8,1400
   616.0,7295,646,0,637,19.30,16.37,14.12,13.02,13,196.0,1400
   617.0,7307,634,0,637,19.29,16.38,14.11,13.02,13,200.6,1400
   618.0,7319,622,0,637,18.79,16.38,13.75,13.02,13,203.2,1400
   619.0,7326,615,0,637,13.83,16.36,10.12,13.01,13,206.2,1400
   620.0,7334,607,0,637,12.13,16.37,8.87,13.00,13,209.5,1400
   621.0,7340,601,0,637,10.11,16.34,7.40,12.99,13,211.8,1400
   622.0,7348,593,0,637,9.60,16.34,7.02,12.98,13,214.1,1400
   623.0,7349,592,0,637,7.22,16.32,5.28,12.96,13,223.3,1400
   624.0,7349,592,0,637,0.87,16.32,0.64,12.94,13,219.8,1400
   625.0,7353,588,0,637,21.88,16.26,16.00,12.92,13,225.5,1400
   626.0,7365,576,0,637,21.24,16.26,15.53,12.92,13,223.8,1400
   627.0,7372,569,0,637,15.07,16.26,11.02,12.91,13,194.6,1400
   628.0,7387,554,0,637,17.94,16.26,13.12,12.92,13,196.5,1400
   629.0,7394,547,0,637,15.76,16.25,11.52,12.91,13,198.2,1400
   630.0,7406,535,0,637,15.90,16.25,11.63,12.91,13,201.6,1400
   631.0,7418,523,0,637,17.07,16.25,12.49,12.90,13,204.9,1400
   632.0,7430,511,0,637,17.97,16.25,13.14,12.90,13,206.6,1400
   633.0,7440,501,0,637,16.07,16.25,11.75,12.90,13,209.9,1400
   634.0,7452,489,0,637,15.05,16.25,11.01,12.90,13,213.1,1400
   635.0,7468,473,0,637,19.20,16.25,14.04,12.90,13,215.9,1400
   636.0,7480,461,0,637,20.18,16.26,14.76,12.90,13,219.0,1400
   637.0,7486,455,0,637,13.14,16.24,9.61,12.89,13,221.9,1400
   638.0,7498,443,0,637,17.15,16.24,12.54,12.89,13,223.7,1400
   639.0,7514,427,0,637,20.43,16.25,14.94,12.89,13,194.3,1400
   640.0,7522,419,0,637,16.65,16.25,12.18,12.89,13,195.8,1400
   641.0,7532,409,0,637,13.80,16.24,10.10,12.88,13,198.7,1400
   642.0,7544,397,0,637,17.13,16.24,12.52,12.88,13,200.1,1400
   643.0,7556,385,0,637,17.84,16.24,13.04,12.88,13,204.3,1400
   644.0,7558,383,0,640,9.91,16.22,8.80,12.87,13,206.5,1400
   645.0,7574,367,0,640,19.38,16.23,11.80,12.87,13,210.9,1400
   646.0,7585,356,0,640,19.13,16.22,13.99,12.87,13,212.1,1400
   647.0,7597,344,0,640,18.16,16.22,13.28,12.87,13,215.9,1400
   648.0,7609,332,0,640,19.58,16.23,14.32,12.86,13,217.8,1400
   649.0,7625,316,0,640,21.47,16.23,15.70,12.87,13,220.4,1400
   650.0,7632,309,0,640,16.51,16.23,12.07,12.86,13,224.5,1400
   651.0,7644,297,0,640,14.67,16.23,10.73,12.86,13,194.4,1400
   652.0,7654,287,0,640,16.05,16.22,11.74,12.85,13,194.3,1400
   653.0,7666,275,0,640,17.95,16.22,13.13,12.85,13,198.0,1400
   654.0,7678,263,0,640,20.06,16.22,14.67,12.85,13,199.5,1400
   655.0,7689,252,0,640,17.61,16.22,12.88,12.85,13,201.8,1400
   656.0,7697,244,0,640,13.95,16.22,10.20,12.84,13,205.2,1400
   657.0,7701,240,0,640,8.73,16.22,6.38,12.83,13,213.7,1400
   658.0,7701,240,0,640,2.74,16.22,2.00,12.81,13,214.2,1400
   659.0,7705,236,0,640,21.88,16.15,16.00,12.80,13,219.4,1400
   660.0,7717,224,0,640,21.14,16.15,15.46,12.79,13,216.8,1400
   661.0,7727,214,0,640,17.62,16.15,12.89,12.79,13,220.8,1400
   662.0,7735,206,0,644,13.30,16.14,11.89,12.79,13,222.4,1400
   663.0,7751,190,0,644,22.43,16.15,16.38,12.79,13,202.7,1400
   664.0,7763,178,0,644,20.50,16.15,15.00,12.79,13,197.0,1400
   665.0,7770,171,0,644,14.51,16.15,10.61,12.78,13,198.3,1400
   666.0,7785,156,0,644,16.24,16.15,11.87,12.79,13,200.9,1400
   667.0,7797,144,0,644,18.80,16.15,13.75,12.79,13,203.2,1400
   668.0,7805,136,0,644,15.94,16.14,11.66,12.78,13,206.3,1400
   669.0,7811,130,0,644,10.99,16.13,8.04,12.77,13,208.6,1400
   670.0,7821,120,0,644,12.86,16.12,9.41,12.76,13,211.2,1400
   671.0,7832,109,0,644,15.80,16.12,11.56,12.76,13,215.1,1400
   672.0,7837,104,0,644,12.17,16.11,8.90,12.75,13,217.5,1400
   673.0,7845,96,0,644,10.05,16.11,7.35,12.74,13,220.2,1400
   674.0,7847,94,0,644,7.35,16.10,5.38,12.73,13,228.6,1400
   675.0,7847,94,0,644,1.44,16.10,1.06,12.71,13,225.4,1400
   676.0,7851,90,0,644,21.88,16.04,16.00,12.69,13,198.2,1400
   677.0,7862,79,0,644,20.39,16.04,14.91,12.69,13,196.5,1400
   678.0,7870,71,0,644,15.04,16.04,11.00,12.68,13,200.3,1400
   679.0,7876,65,0,644,11.50,16.02,8.41,12.67,13,201.5,1400
   680.0,7888,53,0,644,14.22,16.02,10.40,12.67,13,204.1,1400
   681.0,7899,42,0,648,16.61,16.02,14.26,12.68,13,207.2,1400
   682.0,7901,40,0,653,9.40,16.00,11.63,12.67,13,210.1,1400
   683.0,7907,34,0,663,8.44,15.99,14.18,12.67,13,211.6,1400
   684.0,7915,26,0,667,11.34,15.98,14.25,12.67,13,215.4,1400
   685.0,7921,20,0,677,10.58,15.97,15.48,12.68,13,218.9,1400
   686.0,7925,16,0,679,6.93,15.96,11.16,12.67,13,222.1,1400
   687.0,7928,13,0,692,6.14,15.95,14.12,12.67,13,224.0,1400
   688.0,7929,12,0,702,3.13,15.93,13.71,12.67,13,194.1,1400
   689.0,7931,10,0,711,2.55,15.91,11.09,12.67,13,194.7,1400
   690.0,7932,9,0,722,2.19,15.87,12.25,12.67,13,197.8,1400
   691.0,7934,7,0,728,3.53,15.87,11.20,12.66,13,208.7,1400
   692.0,7934,7,0,728,1.46,15.87,4.26,12.64,13,206.9,1400
   693.0,7934,7,0,728,0.00,15.87,0.00,12.62,13,208.7,1400
   694.0,7937,4,0,728,16.41,15.79,12.00,12.61,13,213.1,1400
   695.0,7939,2,0,732,5.51,15.79,7.26,12.60,13,217.9,1400
   696.0,7939,2,0,732,1.38,15.79,3.04,12.58,13,216.9,1400
   697.0,7939,2,0,732,0.00,15.79,0.00,12.56,13,217.6,1400
   698.0,7940,1,0,732,1.91,15.72,1.40,12.55,13,227.0,1400
   699.0,7940,1,0,732,0.80,15.72,0.58,12.53,13,223.7,1400
   700.0,7940,1,0,732,0.00,15.72,0.00,12.51,13,227.7,1400
