QR-Stream run log
role: receiver
started: 2026-10-03T22:30:38.207442
duration: 158s

[device]
platform: android
osVersion: BP4A.251205.006.A175FXXS6CZG1
processors: 8
dartVersion: 3.10.4

[run]
fileName: (hidden).png
totalChunks: 971
transferId: 3850058249
payloadKind: file
chunkBytes: 1400

[events]
     0.0  run started
     0.0  HEL #0 seen (session b1e86fa7a99638dc)
     0.0  HEL #0 summary: +0 new, 0 re-reads, 0 reads in 0.0s (0.0/s), 971 still missing
     4.1  start tapped: 0 of 971 held; camera 10/s kept (loaded 9/s), start code read at 16/s
     5.8  relay push ok: hel #0, rev 1
    86.1  CHK #1 seen (session b1e86fa7a99638dc)
    86.1  CHK #1 summary: +577 new, 40 re-reads, 617 reads in 76.1s (8.1/s), 394 still missing
    87.5  relay push ok: chk #1, rev 2
   108.8  END #2 seen (session b1e86fa7a99638dc)
   108.8  round 1 summary: +166 new, 19 re-reads, 185 reads in 20.1s (9.2/s), 228 still missing
   110.0  relay push ok: end #2, rev 3
   129.6  END #3 seen (session b1e86fa7a99638dc)
   129.6  round 2 summary: +176 new, 2 re-reads, 178 reads in 18.0s (9.9/s), 52 still missing
   130.8  relay push ok: end #3, rev 4
   154.9  END #4 seen (session b1e86fa7a99638dc)
   154.9  round 3 summary: +51 new, 55 re-reads, 106 reads in 20.7s (5.1/s), 1 still missing
   156.0  relay push ok: end #4, rev 5
   157.4  complete: all 971 chunks received
   157.4  camera rate kept for next time: 10/s
   157.4  summary: 1.30 MB in 149.6s = 8.9 KB/s
   157.5  camera rate saved: 10/s
   157.5  kept a copy at (path)
   158.6  relay push ok: done #0, rev 6
   158.6  session report sent

[samples] one row per second
t,received,missing,corrupt,dupes,liveKBps,avgKBps,decodesPerSec,avgDecodesPerSec,recommendedFps,rssMB,chunkBytesSeen
     1.0,0,971,0,0,0.00,0.00,0.00,0.00,0,230.3,0
     2.0,0,971,0,0,0.00,0.00,0.00,0.00,0,231.7,0
     3.0,0,971,0,0,0.00,0.00,0.00,0.00,0,232.9,0
     4.0,0,971,0,0,0.00,0.00,0.00,0.00,0,232.7,0
     5.0,0,971,0,0,0.00,0.00,0.00,0.00,0,234.4,0
     6.0,0,971,0,0,0.00,0.00,0.00,0.00,0,238.2,0
     7.0,0,971,0,0,0.00,0.00,0.00,0.00,0,227.5,0
     8.0,2,969,0,0,10.94,0.00,8.00,10.87,0,221.1,1400
     9.0,10,961,0,3,11.55,18.65,10.98,10.98,0,222.9,1400
    10.0,17,954,0,6,12.16,14.53,12.45,10.53,0,226.9,1400
    11.0,18,953,0,6,6.01,8.80,6.05,7.54,0,228.7,1400
    12.0,27,944,0,6,9.86,9.02,7.21,7.89,8,229.0,1400
    13.0,32,939,0,6,10.55,8.81,7.71,7.33,7,231.9,1400
    14.0,38,933,0,6,9.45,8.83,6.91,7.12,8,233.0,1400
    15.0,46,925,0,6,10.68,9.48,7.81,7.24,8,234.4,1400
    16.0,55,916,0,6,11.68,9.20,8.54,7.45,7,235.5,1400
    17.0,62,909,0,6,11.11,9.45,8.13,7.40,7,235.7,1400
    18.0,62,909,0,6,6.07,9.45,4.44,6.68,7,237.1,1400
    19.0,73,898,0,6,15.08,9.24,11.03,7.06,7,230.3,1400
    20.0,80,891,0,7,12.33,9.01,9.52,7.14,7,227.1,1400
    21.0,87,884,0,7,13.48,9.18,8.89,7.13,7,228.8,1400
    22.0,93,878,0,10,10.98,8.97,9.88,7.26,7,228.9,1400
    23.0,100,871,0,10,9.85,9.18,8.86,7.24,7,229.4,1400
    24.0,109,862,0,10,13.27,9.24,9.71,7.35,7,230.9,1400
    25.0,116,855,0,10,11.72,9.33,8.57,7.33,7,231.9,1400
    26.0,126,845,0,10,15.31,9.53,11.20,7.48,7,235.0,1400
    27.0,130,841,0,13,10.44,9.39,9.27,7.45,7,236.0,1400
    28.0,133,838,0,13,7.68,9.09,5.86,7.23,7,236.5,1400
    29.0,143,828,0,13,11.06,9.27,8.09,7.36,7,230.9,1400
    30.0,150,821,0,13,13.44,9.33,9.83,7.35,7,227.1,1400
    31.0,157,814,0,13,12.73,9.47,9.31,7.33,7,227.8,1400
    32.0,164,807,0,14,10.48,9.28,8.21,7.36,7,228.2,1400
    33.0,172,799,0,14,10.38,9.40,8.10,7.39,7,231.5,1400
    34.0,176,795,0,14,10.03,9.20,7.34,7.26,7,232.4,1400
    35.0,183,788,0,14,8.94,9.27,6.54,7.25,7,230.1,1400
    36.0,189,782,0,14,10.61,9.29,7.76,7.20,7,232.3,1400
    37.0,199,772,0,14,12.44,9.33,9.10,7.30,7,232.5,1400
    38.0,206,765,0,14,12.70,9.38,9.29,7.29,7,234.6,1400
    39.0,213,758,0,14,12.32,9.47,9.01,7.28,7,226.7,1400
    40.0,224,747,0,14,13.86,9.61,10.14,7.40,7,229.3,1400
    41.0,228,743,0,14,10.89,9.48,7.96,7.29,7,229.7,1400
    42.0,237,734,0,14,10.45,9.52,7.64,7.34,7,230.2,1400
    43.0,240,731,0,15,8.80,9.55,6.97,7.25,7,231.2,1400
    44.0,246,725,0,15,6.78,9.38,5.51,7.21,7,230.6,1400
    45.0,256,715,0,15,12.34,9.46,9.02,7.29,7,232.6,1400
    46.0,261,710,0,15,10.99,9.43,8.04,7.23,7,235.2,1400
    47.0,272,699,0,15,11.84,9.50,8.66,7.32,7,233.4,1400
    48.0,278,693,0,15,12.48,9.55,9.13,7.29,7,235.6,1400
    49.0,281,690,0,15,7.22,9.40,5.28,7.19,7,235.3,1400
    50.0,290,681,0,15,12.58,9.44,9.20,7.23,7,228.8,1400
    51.0,298,673,0,19,12.09,9.57,10.93,7.34,7,228.3,1400
    52.0,308,663,0,19,13.00,9.57,11.62,7.40,7,231.7,1400
    53.0,312,659,0,19,9.91,9.46,7.25,7.33,7,231.5,1400
    54.0,320,651,0,19,10.41,9.50,7.61,7.34,7,232.3,1400
    55.0,327,644,0,19,12.67,9.55,9.26,7.33,7,232.9,1400
    56.0,337,634,0,19,13.17,9.62,9.63,7.39,7,232.0,1400
    57.0,342,629,0,19,10.38,9.59,7.59,7.34,7,233.1,1400
    58.0,352,619,0,19,10.64,9.62,7.78,7.39,7,235.7,1400
    59.0,360,611,0,19,13.23,9.67,9.68,7.40,7,237.2,1400
    60.0,371,600,0,19,13.78,9.72,10.08,7.47,7,231.0,1400
    61.0,378,593,0,19,13.24,9.73,9.68,7.46,7,228.9,1400
    62.0,384,587,0,19,10.45,9.72,7.65,7.44,7,228.5,1400
    63.0,390,581,0,19,10.96,9.67,8.02,7.41,7,231.9,1400
    64.0,397,574,0,19,11.03,9.70,8.07,7.40,7,231.1,1400
    65.0,409,562,0,19,15.13,9.80,11.07,7.48,7,234.7,1400
    66.0,420,551,0,19,17.08,9.87,12.49,7.55,7,236.4,1400
    67.0,426,545,0,19,13.39,9.89,9.79,7.52,7,237.4,1400
    68.0,428,543,0,22,6.93,9.78,6.97,7.48,7,237.2,1400
    69.0,432,539,0,22,5.98,9.70,4.85,7.42,7,235.6,1400
    70.0,442,529,0,22,10.35,9.72,7.57,7.46,7,235.5,1400
    71.0,450,521,0,25,13.41,9.81,11.44,7.52,7,228.5,1400
    72.0,458,513,0,25,12.67,9.82,11.00,7.53,7,229.4,1400
    73.0,469,502,0,25,14.72,9.85,10.76,7.58,7,230.6,1400
    74.0,475,496,0,25,11.71,9.84,8.56,7.55,7,231.1,1400
    75.0,483,488,0,29,11.01,9.91,10.35,7.62,7,232.5,1400
    76.0,494,477,0,29,13.69,9.92,12.12,7.67,7,235.5,1400
    77.0,502,469,0,33,13.09,9.93,11.59,7.73,7,236.6,1400
    78.0,513,458,0,33,14.10,10.00,12.49,7.78,8,236.6,1400
    79.0,517,454,0,33,11.92,9.93,8.72,7.73,8,230.9,1400
    80.0,525,446,0,33,11.91,10.00,8.71,7.73,8,231.8,1400
    81.0,531,440,0,37,11.44,10.02,10.76,7.76,8,229.5,1400
    82.0,541,430,0,37,10.96,9.99,10.02,7.79,8,228.6,1400
    83.0,551,420,0,37,13.87,10.02,10.14,7.82,8,233.0,1400
    84.0,558,413,0,37,12.98,10.03,9.49,7.81,8,232.8,1400
    85.0,566,405,0,40,12.78,10.10,11.21,7.85,8,232.6,1400
    86.0,577,394,0,40,13.81,10.11,11.70,7.89,8,235.7,1400
    87.0,577,394,0,40,7.82,10.11,5.72,7.79,8,237.2,1400
    88.0,577,394,0,40,0.00,10.11,0.00,7.69,8,236.5,1400
    89.0,579,392,0,40,10.64,9.78,7.78,7.62,8,235.7,1400
    90.0,589,382,0,40,13.05,9.84,9.55,7.65,8,230.5,1400
    91.0,600,371,0,40,15.01,9.90,10.98,7.69,8,230.7,1400
    92.0,611,360,0,40,15.39,9.93,11.25,7.73,8,232.0,1400
    93.0,623,348,0,40,18.37,10.01,13.43,7.78,8,231.7,1400
    94.0,627,344,0,43,12.76,9.97,11.08,7.77,8,226.3,1400
    95.0,638,333,0,43,17.00,10.04,10.78,7.81,8,229.7,1400
    96.0,646,325,0,47,14.11,10.06,12.49,7.86,8,228.4,1400
    97.0,657,314,0,47,15.37,10.12,11.63,7.89,8,232.0,1400
    98.0,666,305,0,47,13.71,10.12,10.02,7.91,8,225.2,1400
    99.0,678,293,0,51,14.54,10.17,12.66,7.99,8,222.9,1400
   100.0,684,287,0,51,12.56,10.18,11.23,7.97,8,223.8,1400
   101.0,689,282,0,51,8.30,10.14,6.06,7.94,8,227.3,1400
   102.0,696,275,0,54,8.21,10.15,7.50,7.96,8,228.5,1400
   103.0,703,268,0,54,11.56,10.14,10.27,7.95,8,229.8,1400
   104.0,710,261,0,57,11.13,10.16,9.88,7.97,8,228.8,1400
   105.0,712,259,0,57,6.56,10.07,6.40,7.91,8,231.1,1400
   106.0,722,249,0,57,11.02,10.09,8.06,7.93,8,231.1,1400
   107.0,725,246,0,59,9.18,10.03,7.74,7.90,8,231.1,1400
   108.0,740,231,0,59,17.48,10.11,11.20,7.98,8,223.6,1400
   109.0,743,228,0,59,12.52,10.07,9.16,7.93,8,228.6,1400
   110.0,743,228,0,59,2.83,10.07,2.07,7.85,8,224.9,1400
   111.0,743,228,0,59,0.00,10.07,0.00,7.77,8,226.0,1400
   112.0,751,220,0,59,32.07,9.86,23.46,7.77,8,225.2,1400
   113.0,754,217,0,61,11.22,9.82,9.69,7.75,8,226.5,1400
   114.0,762,209,0,61,12.77,9.84,8.37,7.75,8,227.4,1400
   115.0,777,194,0,61,17.30,9.91,12.65,7.82,8,231.1,1400
   116.0,784,187,0,61,15.54,9.91,11.37,7.81,8,230.0,1400
   117.0,790,181,0,61,11.86,9.90,8.68,7.79,8,231.1,1400
   118.0,802,169,0,61,16.17,9.97,11.83,7.83,8,227.4,1400
   119.0,808,163,0,61,13.04,9.95,9.54,7.82,8,224.1,1400
   120.0,824,147,0,61,18.56,10.05,13.57,7.89,8,226.8,1400
   121.0,832,139,0,61,17.13,10.08,12.53,7.89,8,223.2,1400
   122.0,838,133,0,61,10.86,10.06,7.95,7.87,8,228.3,1400
   123.0,850,121,0,61,12.81,10.11,9.37,7.91,8,228.3,1400
   124.0,860,111,0,61,15.28,10.12,11.18,7.93,8,227.4,1400
   125.0,867,104,0,61,12.50,10.13,9.14,7.92,8,232.2,1400
   126.0,878,93,0,61,16.32,10.16,11.94,7.95,8,231.0,1400
   127.0,890,81,0,61,16.82,10.23,12.31,7.98,8,224.7,1400
   128.0,900,71,0,61,16.61,10.26,12.15,8.00,8,226.5,1400
   129.0,912,59,0,61,16.65,10.31,12.18,8.03,8,227.3,1400
   130.0,919,52,0,61,13.07,10.32,9.77,8.02,8,230.9,1399
   131.0,919,52,0,61,5.07,10.32,3.94,7.96,8,230.9,1399
   132.0,919,52,0,61,0.00,10.32,0.00,7.89,8,229.7,1399
   133.0,919,52,0,61,0.00,10.32,0.00,7.83,8,228.7,1399
   134.0,919,52,0,61,0.00,10.32,0.00,7.77,8,231.8,1399
   135.0,926,45,0,61,13.81,9.98,10.10,7.76,8,231.6,1399
   136.0,931,40,0,62,9.70,9.95,7.68,7.75,8,229.6,1399
   137.0,942,29,0,62,12.67,9.98,9.85,7.77,8,232.1,1399
   138.0,950,21,0,62,13.42,10.00,9.82,7.77,8,226.9,1399
   139.0,960,11,0,62,13.06,10.02,9.55,7.79,8,224.2,1399
   140.0,964,7,0,65,9.78,9.99,8.68,7.78,8,225.2,1399
   141.0,964,7,0,73,3.17,9.99,8.69,7.79,8,227.0,1399
   142.0,964,7,0,78,0.00,9.99,7.29,7.77,8,227.4,1399
   143.0,964,7,0,86,0.00,9.99,7.25,7.77,8,229.5,1399
   144.0,966,5,0,90,5.47,9.70,8.95,7.75,8,229.8,1399
   145.0,967,4,0,91,2.73,9.66,5.33,7.71,8,227.7,1399
   146.0,968,3,0,94,1.99,9.58,4.37,7.69,8,229.5,1399
   147.0,968,3,0,97,1.28,9.58,3.91,7.65,8,231.8,1399
   148.0,969,2,0,100,1.50,9.51,4.79,7.63,8,232.0,1399
   149.0,969,2,0,102,0.72,9.51,3.14,7.59,8,233.9,1399
   150.0,969,2,0,106,0.00,9.51,3.82,7.56,8,234.2,1399
   151.0,970,1,0,109,5.47,9.27,4.29,7.54,8,233.1,1399
   152.0,970,1,0,110,1.18,9.27,2.78,7.49,8,234.5,1399
   153.0,970,1,0,113,0.00,9.27,2.74,7.46,8,228.1,1399
   154.0,970,1,0,114,0.00,9.27,2.13,7.42,8,224.5,1399
   155.0,970,1,0,116,0.00,9.27,1.84,7.38,8,229.0,1399
   156.0,970,1,0,116,0.00,9.27,1.07,7.33,8,227.4,1399
   157.0,970,1,0,116,0.00,9.27,0.00,7.28,8,229.2,1399
