QR-Stream run log
role: receiver
started: 2026-10-02T18:28:24.820025
duration: 214s

[device]
platform: android
osVersion: BP4A.251205.006.S948BXXS4AZHL
processors: 8
dartVersion: 3.10.4

[run]
fileName: (hidden).png
totalChunks: 971
transferId: 3850058249
payloadKind: file
chunkBytes: 1400

[events]
     0.0  run started
    23.6  CAL #1 seen (session c33205af935fcdfc)
    23.6  CAL #1 summary: +21 new, 227 re-reads, 248 reads in 23.7s (10.5/s), 950 still missing
    25.4  relay push ok: cal #1, rev 1
   137.2  CHK #2 seen (session c33205af935fcdfc)
   137.2  CHK #2 summary: +723 new, 621 re-reads, 1344 reads in 111.0s (12.1/s), 227 still missing
   139.1  relay push ok: chk #2, rev 1
   154.8  END #3 seen (session c33205af935fcdfc)
   154.8  round 1 summary: +84 new, 77 re-reads, 161 reads in 15.0s (10.8/s), 143 still missing
   156.9  relay push ok: end #3, rev 1
   210.2  END #4 seen (session c33205af935fcdfc)
   210.2  round 2 summary: +141 new, 387 re-reads, 528 reads in 52.9s (10.0/s), 2 still missing
   212.1  relay push ok: end #4, rev 1
   213.0  complete: all 971 chunks received
   213.0  kept a copy at (path)
   214.7  relay push ok: done #0, rev 1
   214.7  session report sent

[samples] one row per second
t,received,missing,corrupt,dupes,liveKBps,avgKBps,decodesPerSec,avgDecodesPerSec,recommendedFps,rssMB,chunkBytesSeen
     1.0,1,970,0,7,1.37,0.00,8.00,8.00,0,238.5,1400
     2.0,1,970,0,20,0.68,0.00,11.76,10.50,0,241.6,1400
     3.0,1,970,0,25,0.00,0.00,9.94,8.67,0,215.0,1400
     4.0,1,970,0,29,0.00,0.00,4.58,7.50,0,219.2,1400
     5.0,1,970,0,32,0.00,0.00,3.60,6.60,7,222.8,1400
     6.0,1,970,0,39,0.00,0.00,7.20,6.67,7,235.5,1400
     7.0,1,970,0,40,0.00,0.00,4.32,5.86,6,240.9,1400
     8.0,1,970,0,63,0.00,0.00,23.23,8.00,8,244.5,1400
     9.0,1,970,0,80,0.00,0.00,20.13,9.00,9,246.0,1400
    10.0,1,970,0,81,0.00,0.00,9.45,8.20,9,248.7,1400
    11.0,1,970,0,89,0.00,0.00,6.73,8.18,8,259.5,1400
    12.0,1,970,0,107,0.00,0.00,15.69,9.00,9,246.2,1400
    13.0,1,970,0,107,0.00,0.00,9.13,8.31,9,264.7,1400
    14.0,1,970,0,107,0.00,0.00,0.00,7.71,9,258.7,1400
    15.0,1,970,0,109,0.00,0.00,8.00,7.33,7,225.8,1400
    16.0,1,970,0,115,0.00,0.00,7.65,7.25,7,233.4,1400
    17.0,1,970,0,131,0.00,0.00,11.13,7.76,8,248.4,1400
    18.0,1,970,0,138,0.00,0.00,11.55,7.72,8,248.3,1400
    19.0,1,970,0,162,0.00,0.00,17.81,8.58,8,240.9,1400
    20.0,1,970,0,187,0.00,0.00,24.95,9.40,9,247.8,1400
    21.0,3,968,0,208,10.52,0.20,24.06,10.05,10,234.5,1400
    22.0,10,961,0,216,9.76,0.62,19.03,10.27,10,243.1,1400
    23.0,17,954,0,224,10.00,1.01,15.19,10.48,10,244.7,1400
    24.0,21,950,0,227,7.65,1.22,11.20,10.33,10,254.2,1400
    25.0,21,950,0,227,2.90,1.22,3.59,9.92,10,254.0,1400
    26.0,21,950,0,227,0.00,1.22,0.00,9.54,10,223.5,1400
    27.0,27,944,0,233,10.77,1.38,15.75,9.63,10,221.1,1400
    28.0,36,935,0,242,11.64,1.77,17.03,9.93,10,218.2,1400
    29.0,44,927,0,250,11.63,2.08,17.01,10.14,10,224.9,1400
    30.0,52,919,0,256,11.16,2.37,15.30,10.27,10,227.2,1400
    31.0,59,912,0,263,10.33,2.61,14.10,10.39,10,232.6,1400
    32.0,66,905,0,268,9.68,2.82,13.14,10.44,10,234.8,1400
    33.0,73,898,0,276,9.70,3.03,13.68,10.58,10,238.8,1400
    34.0,80,891,0,290,10.29,3.23,18.04,10.88,11,250.6,1400
    35.0,85,886,0,293,8.62,3.32,14.81,10.80,11,254.1,1400
    36.0,93,878,0,303,9.51,3.54,13.91,11.00,11,248.8,1400
    37.0,99,872,0,313,9.65,3.68,17.15,11.14,11,225.1,1400
    38.0,105,866,0,321,8.56,3.80,15.20,11.21,11,222.5,1400
    39.0,112,859,0,329,9.12,3.93,14.89,11.31,11,229.8,1400
    40.0,118,853,0,333,9.38,4.04,13.20,11.28,11,231.4,1400
    41.0,124,847,0,340,9.01,4.15,11.65,11.32,11,232.9,1400
    42.0,132,839,0,344,9.90,4.30,12.58,11.33,11,234.6,1400
    43.0,139,832,0,352,10.52,4.42,13.85,11.42,11,234.8,1400
    44.0,144,827,0,358,8.66,4.48,13.20,11.41,11,240.1,1400
    45.0,150,821,0,367,8.95,4.57,13.12,11.49,11,248.6,1400
    46.0,157,814,0,375,9.29,4.67,15.17,11.57,11,250.4,1400
    47.0,164,807,0,386,10.05,4.78,17.32,11.70,11,249.5,1400
    48.0,169,802,0,391,8.87,4.82,14.26,11.67,11,252.6,1400
    49.0,175,796,0,399,7.66,4.89,12.22,11.71,11,221.6,1400
    50.0,182,789,0,405,10.44,4.98,13.61,11.74,11,228.4,1400
    51.0,189,782,0,412,10.27,5.08,14.48,11.78,12,221.3,1400
    52.0,194,777,0,417,8.33,5.10,12.18,11.75,12,224.3,1400
    53.0,200,771,0,422,7.82,5.18,10.91,11.73,12,227.7,1400
    54.0,206,765,0,429,8.32,5.25,12.17,11.76,12,233.8,1400
    55.0,214,757,0,436,9.76,5.32,14.27,11.82,12,234.2,1400
    56.0,222,749,0,444,11.20,5.42,15.87,11.89,12,237.6,1400
    57.0,227,744,0,447,9.38,5.45,12.10,11.82,12,240.4,1400
    58.0,234,737,0,453,8.68,5.52,10.79,11.84,12,242.3,1400
    59.0,239,732,0,457,8.53,5.56,11.07,11.80,12,245.9,1400
    60.0,245,726,0,460,8.36,5.59,10.00,11.75,12,216.0,1400
    61.0,251,720,0,465,10.31,5.63,12.56,11.74,12,217.2,1400
    62.0,257,714,0,473,8.51,5.68,12.58,11.77,12,227.9,1400
    63.0,265,706,0,479,10.52,5.76,14.39,11.81,12,223.4,1400
    64.0,272,699,0,487,10.35,5.82,14.64,11.86,12,226.1,1400
    65.0,281,690,0,492,11.54,5.91,14.71,11.89,12,228.1,1400
    66.0,289,682,0,501,12.00,5.99,16.00,11.97,12,236.5,1400
    67.0,293,678,0,503,8.63,5.98,11.80,11.88,12,237.4,1400
    68.0,299,672,0,508,8.34,6.02,8.78,11.87,12,237.1,1400
    69.0,306,665,0,513,9.02,6.07,11.68,11.87,12,246.7,1400
    70.0,310,661,0,517,7.92,6.05,10.53,11.81,12,245.4,1400
    71.0,317,654,0,523,8.40,6.11,11.73,11.83,12,249.5,1400
    72.0,323,648,0,529,10.21,6.14,12.97,11.83,12,219.7,1400
    73.0,330,641,0,536,9.21,6.19,13.19,11.86,12,221.7,1400
    74.0,334,637,0,538,7.60,6.17,10.10,11.78,12,222.7,1400
    75.0,340,631,0,544,7.57,6.21,9.97,11.79,12,226.1,1400
    76.0,348,623,0,550,11.39,6.26,15.47,11.82,12,230.8,1400
    77.0,353,618,0,554,9.17,6.28,11.87,11.78,12,236.2,1400
    78.0,357,614,0,557,6.49,6.29,8.08,11.72,12,235.0,1400
    79.0,365,606,0,560,8.60,6.32,9.43,11.71,12,239.1,1400
    80.0,371,600,0,565,9.67,6.34,11.12,11.70,12,242.7,1400
    81.0,377,594,0,570,8.94,6.37,11.98,11.69,12,242.6,1400
    82.0,385,586,0,577,10.10,6.42,13.32,11.73,12,247.0,1400
    83.0,392,579,0,583,10.71,6.46,14.23,11.75,12,251.7,1400
    84.0,396,575,0,587,7.86,6.46,10.68,11.70,12,226.2,1400
    85.0,402,569,0,592,7.89,6.47,9.60,11.69,12,224.7,1400
    86.0,409,562,0,599,9.03,6.52,12.70,11.72,12,225.1,1400
    87.0,416,555,0,604,9.89,6.54,13.11,11.72,12,229.5,1400
    88.0,424,547,0,611,10.36,6.59,13.64,11.76,12,229.6,1400
    89.0,431,540,0,618,10.28,6.63,14.54,11.79,12,233.8,1400
    90.0,438,533,0,621,10.34,6.66,12.51,11.77,12,241.7,1400
    91.0,445,526,0,626,9.66,6.70,11.10,11.77,12,239.8,1400
    92.0,452,519,0,629,9.73,6.73,11.18,11.75,12,243.4,1400
    93.0,460,511,0,635,10.40,6.77,12.16,11.77,12,247.1,1400
    94.0,464,507,0,638,8.23,6.75,10.54,11.72,12,248.5,1400
    95.0,471,500,0,642,8.40,6.78,10.05,11.72,12,216.9,1400
    96.0,479,492,0,648,10.73,6.82,12.55,11.74,12,222.5,1400
    97.0,484,487,0,651,9.38,6.84,11.16,11.70,12,225.5,1400
    98.0,490,481,0,652,8.05,6.84,7.81,11.65,12,228.1,1400
    99.0,497,474,0,657,9.01,6.87,9.63,11.66,12,230.6,1400
   100.0,503,468,0,660,9.33,6.88,10.64,11.63,12,233.5,1400
   101.0,510,461,0,663,9.95,6.91,10.63,11.61,12,235.1,1400
   102.0,515,456,0,667,8.52,6.90,9.56,11.59,12,237.6,1400
   103.0,522,449,0,673,8.91,6.93,11.09,11.60,12,241.1,1400
   104.0,526,445,0,678,8.06,6.93,11.39,11.58,12,245.0,1400
   105.0,534,437,0,685,9.00,6.96,12.37,11.61,12,243.5,1400
   106.0,540,431,0,691,9.80,6.97,13.82,11.61,12,245.6,1400
   107.0,545,426,0,695,7.83,6.98,10.57,11.59,12,221.7,1400
   108.0,551,420,0,700,7.75,6.99,10.04,11.58,12,223.4,1400
   109.0,558,413,0,705,9.03,7.00,11.68,11.59,12,225.4,1400
   110.0,566,405,0,708,10.32,7.03,11.58,11.58,12,231.3,1400
   111.0,572,399,0,714,9.72,7.05,11.68,11.59,12,233.4,1400
   112.0,579,392,0,719,9.79,7.07,12.49,11.59,12,235.2,1400
   113.0,585,386,0,723,8.95,7.08,11.08,11.58,12,238.2,1400
   114.0,590,381,0,729,8.00,7.08,10.81,11.57,12,238.6,1400
   115.0,598,373,0,736,10.09,7.11,13.29,11.60,12,246.1,1400
   116.0,604,367,0,743,9.82,7.13,14.36,11.61,12,244.5,1400
   117.0,611,360,0,751,9.59,7.14,14.19,11.64,12,248.5,1400
   118.0,616,355,0,754,8.29,7.16,11.63,11.61,12,216.4,1400
   119.0,623,348,0,761,8.39,7.16,11.25,11.63,12,222.7,1400
   120.0,627,344,0,764,7.68,7.17,10.73,11.59,12,225.7,1400
   121.0,634,337,0,768,7.69,7.17,9.20,11.59,12,229.3,1400
   122.0,640,331,0,774,9.05,7.17,11.72,11.59,12,228.9,1400
   123.0,645,326,0,779,8.05,7.17,11.11,11.58,12,232.9,1400
   124.0,651,320,0,784,8.54,7.19,10.89,11.57,12,241.0,1400
   125.0,657,314,0,791,8.47,7.19,12.02,11.58,12,234.5,1400
   126.0,664,307,0,796,9.44,7.21,12.80,11.59,12,236.6,1400
   127.0,670,301,0,799,8.98,7.22,10.61,11.57,12,240.5,1400
   128.0,677,294,0,802,9.19,7.23,9.83,11.55,12,240.0,1400
   129.0,684,287,0,808,9.78,7.25,11.75,11.57,12,244.1,1400
   130.0,691,280,0,812,10.30,7.27,12.43,11.56,12,219.5,1400
   131.0,700,271,0,817,11.44,7.31,13.08,11.58,12,215.4,1400
   132.0,707,264,0,823,11.32,7.33,13.97,11.59,12,223.5,1400
   133.0,714,257,0,828,10.39,7.34,12.97,11.59,12,223.4,1400
   134.0,721,250,0,833,10.06,7.36,12.13,11.60,12,226.6,1400
   135.0,730,241,0,838,11.87,7.39,13.41,11.61,12,231.1,1400
   136.0,737,234,0,844,11.36,7.41,13.58,11.63,12,233.3,1400
   137.0,743,228,0,847,9.44,7.42,11.25,11.61,12,235.5,1400
   138.0,744,227,0,848,4.99,7.42,5.54,11.54,12,241.3,1400
   139.0,744,227,0,848,0.70,7.42,1.03,11.45,12,243.4,1400
   140.0,745,226,0,848,5.47,7.28,4.00,11.38,12,246.6,1400
   141.0,751,220,0,850,8.70,7.28,8.18,11.35,12,246.2,1400
   142.0,757,214,0,856,9.65,7.29,11.76,11.36,12,216.7,1400
   143.0,762,209,0,859,8.11,7.29,10.43,11.34,12,221.3,1400
   144.0,768,203,0,865,7.88,7.29,10.48,11.34,12,226.8,1400
   145.0,773,198,0,872,8.46,7.30,12.02,11.34,12,225.4,1400
   146.0,780,191,0,878,8.75,7.31,12.81,11.36,12,229.8,1400
   147.0,786,185,0,883,8.90,7.32,12.02,11.35,12,232.0,1400
   148.0,791,180,0,887,7.74,7.31,10.29,11.34,12,235.7,1400
   149.0,797,174,0,895,8.06,7.32,11.84,11.36,12,247.2,1400
   150.0,802,169,0,902,7.99,7.32,13.18,11.36,12,246.9,1400
   151.0,807,164,0,906,7.56,7.32,11.61,11.34,12,245.9,1400
   152.0,812,159,0,908,6.89,7.31,8.06,11.32,12,243.6,1400
   153.0,818,153,0,913,7.84,7.31,9.38,11.31,12,246.7,1400
   154.0,824,147,0,919,8.23,7.32,11.53,11.32,12,220.1,1400
   155.0,828,143,0,925,7.03,7.31,11.31,11.31,12,226.1,1399
   156.0,828,143,0,925,2.65,7.31,5.11,11.24,12,225.1,1399
   157.0,828,143,0,925,0.00,7.31,0.00,11.17,12,227.3,1399
   158.0,832,139,0,929,9.65,7.20,14.11,11.15,11,232.8,1399
   159.0,837,134,0,934,7.85,7.20,11.49,11.14,11,235.3,1399
   160.0,843,128,0,939,8.03,7.20,10.77,11.14,11,240.0,1399
   161.0,847,124,0,943,7.18,7.20,9.98,11.12,11,237.9,1399
   162.0,852,119,0,948,6.60,7.19,9.18,11.11,11,241.3,1399
   163.0,856,115,0,951,6.19,7.18,8.55,11.09,11,242.0,1399
   164.0,861,110,0,956,6.35,7.18,8.77,11.08,11,247.1,1399
   165.0,866,105,0,959,7.26,7.17,9.00,11.06,11,252.5,1399
   166.0,870,101,0,962,6.19,7.16,7.55,11.04,11,219.0,1399
   167.0,875,96,0,967,7.61,7.16,8.75,11.03,11,219.7,1399
   168.0,879,92,0,973,6.81,7.16,11.06,11.02,11,223.5,1399
   169.0,885,86,0,975,7.74,7.16,9.06,11.01,11,224.8,1399
   170.0,891,80,0,983,8.63,7.17,11.57,11.02,11,229.5,1399
   171.0,895,76,0,988,6.85,7.16,11.53,11.01,11,232.8,1399
   172.0,900,71,0,992,6.55,7.15,9.25,11.00,11,238.2,1399
   173.0,906,65,0,998,8.26,7.16,11.53,11.01,11,236.8,1399
   174.0,911,60,0,1004,7.78,7.16,11.90,11.01,11,240.4,1399
   175.0,916,55,0,1011,7.43,7.16,11.99,11.01,11,241.9,1399
   176.0,920,51,0,1014,6.52,7.15,9.65,10.99,11,245.2,1399
   177.0,925,46,0,1020,6.34,7.15,9.27,10.99,11,249.4,1399
   178.0,931,40,0,1027,7.79,7.15,12.43,11.00,11,251.4,1399
   179.0,935,36,0,1033,6.96,7.14,11.71,10.99,11,223.5,1399
   180.0,940,31,0,1039,6.73,7.14,10.62,10.99,11,225.5,1399
   181.0,946,25,0,1046,8.08,7.14,12.36,11.01,11,227.3,1399
   182.0,950,21,0,1052,7.23,7.14,12.16,11.00,11,229.8,1399
   183.0,955,16,0,1057,6.69,7.13,10.01,10.99,11,231.5,1399
   184.0,958,13,0,1066,5.80,7.14,11.08,11.00,11,231.3,1399
   185.0,958,13,0,1077,2.26,7.14,11.63,11.00,11,238.8,1399
   186.0,958,13,0,1084,0.00,7.14,9.10,10.98,11,238.5,1399
   187.0,958,13,0,1095,0.00,7.14,9.71,10.98,11,244.1,1399
   188.0,959,12,0,1101,3.69,6.98,9.22,10.96,11,247.1,1399
   189.0,960,11,0,1109,2.00,6.94,9.16,10.95,11,248.7,1399
   190.0,961,10,0,1116,2.56,6.92,8.64,10.93,11,252.1,1399
   191.0,961,10,0,1129,1.05,6.92,10.71,10.94,11,220.9,1399
   192.0,963,8,0,1139,4.49,6.86,12.53,10.95,11,222.7,1399
   193.0,963,8,0,1147,1.70,6.86,10.24,10.93,11,227.1,1399
   194.0,963,8,0,1157,0.00,6.86,9.36,10.93,11,228.1,1399
   195.0,963,8,0,1168,0.00,6.86,10.58,10.93,11,232.1,1399
   196.0,963,8,0,1179,0.00,6.86,11.03,10.93,11,232.4,1399
   197.0,963,8,0,1189,0.00,6.86,10.99,10.92,11,236.6,1399
   198.0,964,7,0,1198,1.74,6.68,10.40,10.92,11,238.7,1399
   199.0,964,7,0,1209,0.77,6.68,10.56,10.92,11,240.4,1399
   200.0,964,7,0,1219,0.00,6.68,11.38,10.91,11,242.2,1399
   201.0,964,7,0,1229,0.00,6.68,10.14,10.91,11,248.2,1399
   202.0,965,6,0,1238,5.47,6.54,10.53,10.91,11,249.7,1399
   203.0,966,5,0,1247,2.22,6.53,11.00,10.90,11,219.2,1399
   204.0,966,5,0,1259,0.81,6.53,11.10,10.91,11,219.4,1399
   205.0,967,4,0,1266,5.47,6.45,10.13,10.89,11,224.8,1399
   206.0,967,4,0,1275,1.21,6.45,8.72,10.88,11,228.6,1399
   207.0,967,4,0,1282,0.00,6.45,8.01,10.86,11,231.4,1399
   208.0,968,3,0,1292,5.47,6.37,9.15,10.87,11,233.1,1399
   209.0,968,3,0,1302,1.11,6.37,10.51,10.86,11,236.8,1399
   210.0,969,2,0,1310,1.63,6.33,9.62,10.85,11,238.7,1399
   211.0,969,2,0,1312,0.74,6.33,5.69,10.81,11,240.1,1399
   212.0,969,2,0,1312,0.00,6.33,1.06,10.76,11,244.7,1399
