QR-Stream run log
role: receiver
started: 2026-10-02T18:56:26.673236
duration: 122s

[device]
platform: android
osVersion: BP4A.251205.006.S948BXXS4AZHL
processors: 8
dartVersion: 3.10.4

[run]
fileName: (hidden).png
totalChunks: 971
transferId: 3850058249
payloadKind: file
chunkBytes: 1400

[events]
     0.0  run started
     5.8  END #1 seen (session c837fa7a84730e3f)
     5.8  round 1 summary: +1 new, 81 re-reads, 82 reads in 5.7s (14.3/s), 970 still missing
     7.6  relay push ok: end #1, rev 1
    57.9  END #2 seen (session c837fa7a84730e3f)
    57.9  round 2 summary: +645 new, 203 re-reads, 848 reads in 49.3s (17.2/s), 325 still missing
    59.6  relay push ok: end #2, rev 1
    87.1  END #3 seen (session c837fa7a84730e3f)
    87.1  round 3 summary: +251 new, 159 re-reads, 410 reads in 26.0s (15.8/s), 74 still missing
    89.2  relay push ok: end #3, rev 1
    95.0  CHK #4 seen (session c837fa7a84730e3f)
    95.0  CHK #4 summary: +55 new, 48 re-reads, 103 reads in 5.1s (20.1/s), 19 still missing
    96.8  relay push ok: chk #4, rev 1
   118.2  END #5 seen (session c837fa7a84730e3f)
   118.2  round 4 summary: +18 new, 270 re-reads, 288 reads in 20.4s (14.1/s), 1 still missing
   120.0  relay push ok: end #5, rev 1
   121.0  complete: all 971 chunks received
   121.0  kept a copy at (path)
   122.9  relay push ok: done #0, rev 1
   122.9  session report sent

[samples] one row per second
t,received,missing,corrupt,dupes,liveKBps,avgKBps,decodesPerSec,avgDecodesPerSec,recommendedFps,rssMB,chunkBytesSeen
     1.0,1,970,0,17,1.37,0.00,18.00,18.00,0,200.5,1400
     2.0,1,970,0,33,0.00,0.00,17.15,17.00,0,206.2,1400
     3.0,1,970,0,59,0.00,0.00,21.40,20.00,0,204.2,1400
     4.0,1,970,0,60,0.00,0.00,13.81,15.25,0,211.1,1400
     5.0,1,970,0,69,0.00,0.00,5.19,14.00,14,213.9,1400
     6.0,1,970,0,81,0.00,0.00,11.29,13.67,15,226.2,1400
     7.0,1,970,0,81,0.00,0.00,6.21,11.71,15,192.8,1400
     8.0,1,970,0,81,0.00,0.00,0.00,10.25,15,192.4,1400
     9.0,5,966,0,81,19.67,0.76,14.39,9.56,10,198.5,1400
    10.0,16,955,0,89,16.05,2.20,18.00,10.50,10,203.3,1400
    11.0,32,939,0,99,19.35,4.06,23.58,11.91,12,204.7,1400
    12.0,35,936,0,99,13.30,4.05,14.85,11.17,11,204.4,1400
    13.0,48,923,0,107,17.60,5.06,19.31,11.92,12,204.1,1400
    14.0,60,911,0,109,18.04,5.88,18.47,12.07,12,208.5,1400
    15.0,76,895,0,121,20.79,6.94,22.81,13.13,13,210.1,1400
    16.0,94,877,0,139,26.23,8.09,33.25,14.56,14,214.5,1400
    17.0,109,862,0,152,24.02,8.85,32.27,15.35,15,218.9,1400
    18.0,125,846,0,160,21.23,9.55,26.05,15.83,16,190.3,1400
    19.0,139,832,0,168,21.53,10.06,24.15,16.16,16,192.8,1400
    20.0,152,819,0,176,19.27,10.50,21.89,16.40,16,195.1,1400
    21.0,168,803,0,184,19.84,11.01,22.52,16.76,17,198.1,1400
    22.0,186,785,0,194,24.36,11.59,27.25,17.27,17,201.8,1400
    23.0,198,773,0,200,21.35,11.86,23.95,17.30,17,209.9,1400
    24.0,218,753,0,208,22.46,12.47,23.61,17.75,18,212.3,1400
    25.0,235,736,0,212,25.94,12.90,25.13,17.88,18,215.5,1400
    26.0,251,720,0,218,23.30,13.27,22.21,18.04,18,215.8,1400
    27.0,271,700,0,221,25.05,13.76,22.90,18.22,18,219.4,1400
    28.0,284,687,0,223,22.83,13.92,19.23,18.11,18,223.2,1400
    29.0,295,676,0,227,17.32,13.94,15.24,18.00,18,192.5,1400
    30.0,305,666,0,231,15.79,13.92,14.96,17.87,18,194.1,1400
    31.0,314,657,0,231,13.02,13.85,11.53,17.58,18,197.6,1400
    32.0,324,647,0,235,13.64,13.92,12.08,17.47,18,199.6,1400
    33.0,340,631,0,239,18.19,14.12,17.40,17.54,18,201.7,1400
    34.0,356,615,0,243,22.46,14.37,20.53,17.62,18,206.0,1400
    35.0,372,599,0,247,22.54,14.55,20.61,17.69,18,208.8,1400
    36.0,386,585,0,255,20.66,14.70,21.16,17.81,18,213.0,1400
    37.0,406,565,0,261,23.47,15.02,24.23,18.03,18,217.6,1400
    38.0,426,545,0,267,28.17,15.36,26.79,18.24,18,219.8,1400
    39.0,438,533,0,269,22.32,15.39,20.41,18.13,18,223.4,1400
    40.0,447,524,0,271,15.22,15.31,13.26,17.95,18,190.5,1400
    41.0,457,514,0,271,14.87,15.31,12.01,17.76,18,201.2,1400
    42.0,465,506,0,273,12.76,15.21,10.37,17.57,18,197.0,1400
    43.0,475,496,0,273,12.84,15.17,10.44,17.40,18,199.1,1400
    44.0,487,484,0,275,15.22,15.13,12.14,17.32,17,201.8,1400
    45.0,505,466,0,275,28.02,15.34,21.86,17.33,17,205.8,1400
    46.0,512,459,0,275,19.29,15.32,14.11,17.11,17,208.0,1400
    47.0,522,449,0,275,14.06,15.25,10.28,16.96,17,210.2,1400
    48.0,532,439,0,276,15.22,15.16,11.69,16.83,17,212.1,1400
    49.0,547,424,0,278,18.87,15.31,15.46,16.84,17,215.2,1400
    50.0,560,411,0,280,20.63,15.33,17.24,16.80,17,218.4,1400
    51.0,576,395,0,282,19.86,15.47,16.53,16.82,17,222.9,1400
    52.0,594,377,0,282,24.27,15.63,18.80,16.85,17,194.4,1400
    53.0,602,369,0,282,18.24,15.53,13.34,16.68,17,194.2,1400
    54.0,608,363,0,282,10.29,15.39,7.52,16.48,17,196.6,1400
    55.0,628,343,0,284,18.54,15.63,14.61,16.58,17,201.1,1400
    56.0,633,338,0,284,17.67,15.46,13.96,16.38,17,203.5,1400
    57.0,639,332,0,284,7.55,15.46,5.52,16.19,17,204.3,1400
    58.0,646,325,0,284,9.21,15.24,6.95,16.03,16,210.3,1399
    59.0,646,325,0,284,4.84,15.24,3.76,15.76,16,208.6,1399
    60.0,646,325,0,284,0.00,15.24,0.00,15.50,16,212.1,1399
    61.0,649,322,0,284,16.41,14.55,12.00,15.29,16,217.4,1399
    62.0,656,315,0,285,11.70,14.48,9.41,15.18,15,219.6,1399
    63.0,663,308,0,285,11.00,14.40,7.87,15.05,15,222.1,1399
    64.0,669,302,0,287,9.17,14.34,7.74,14.94,15,192.9,1399
    65.0,679,292,0,287,11.18,14.29,9.20,14.86,15,194.5,1399
    66.0,692,279,0,292,15.98,14.35,14.23,14.91,15,196.1,1399
    67.0,703,268,0,299,16.94,14.35,18.59,14.95,15,201.0,1399
    68.0,715,256,0,304,17.01,14.37,17.93,14.99,15,203.1,1399
    69.0,724,247,0,313,14.55,14.36,17.74,15.03,15,206.3,1399
    70.0,736,235,0,319,16.17,14.37,18.90,15.07,15,211.7,1399
    71.0,746,225,0,325,15.62,14.38,17.65,15.08,15,212.3,1399
    72.0,754,217,0,326,14.23,14.39,14.45,15.00,15,216.2,1399
    73.0,766,205,0,331,15.09,14.34,14.35,15.03,15,219.0,1399
    74.0,776,195,0,345,16.89,14.34,23.02,15.15,15,222.1,1399
    75.0,786,185,0,353,15.56,14.34,21.74,15.19,15,223.7,1399
    76.0,794,177,0,355,13.52,14.28,14.72,15.12,15,196.6,1399
    77.0,804,167,0,365,13.93,14.28,16.98,15.18,15,197.2,1399
    78.0,815,156,0,377,15.65,14.29,21.85,15.28,15,197.2,1399
    79.0,824,147,0,387,14.35,14.28,21.35,15.33,15,199.7,1399
    80.0,836,135,0,395,15.23,14.29,19.81,15.39,15,204.2,1399
    81.0,844,127,0,403,15.02,14.24,19.77,15.40,15,209.0,1399
    82.0,852,119,0,409,11.64,14.21,15.25,15.38,15,209.9,1399
    83.0,862,109,0,412,14.43,14.20,15.83,15.35,15,212.3,1399
    84.0,872,99,0,420,13.78,14.20,15.62,15.38,15,217.8,1399
    85.0,879,92,0,426,13.31,14.14,17.75,15.35,15,220.3,1399
    86.0,889,82,0,434,12.16,14.13,15.63,15.38,15,222.4,1399
    87.0,897,74,0,443,12.50,14.17,17.78,15.40,15,192.9,1399
    88.0,897,74,0,443,5.65,14.17,8.78,15.23,15,195.0,1399
    89.0,897,74,0,443,0.00,14.17,0.00,15.06,15,194.2,1399
    90.0,902,69,0,443,27.34,13.70,20.00,14.94,15,200.5,1399
    91.0,912,59,0,457,17.48,13.71,24.72,15.04,15,202.0,1399
    92.0,922,49,0,471,15.34,13.71,24.51,15.14,15,204.7,1399
    93.0,930,41,0,479,12.97,13.68,20.23,15.15,15,208.4,1399
    94.0,942,29,0,485,14.23,13.70,17.69,15.18,15,212.6,1399
    95.0,952,19,0,491,15.75,13.71,17.80,15.19,15,217.5,1399
    96.0,952,19,0,491,7.17,13.71,8.02,15.03,15,217.5,1399
    97.0,952,19,0,491,0.00,13.71,0.00,14.88,15,217.3,1399
    98.0,956,15,0,493,21.88,13.34,24.00,14.79,15,225.5,1399
    99.0,964,7,0,501,13.62,13.34,18.26,14.80,15,193.0,1399
   100.0,964,7,0,517,5.88,13.34,16.49,14.81,15,194.9,1399
   101.0,964,7,0,541,0.00,13.34,25.53,14.90,15,198.2,1399
   102.0,966,5,0,549,4.82,13.01,17.67,14.85,15,201.5,1399
   103.0,966,5,0,556,1.75,13.01,10.13,14.78,15,205.4,1399
   104.0,966,5,0,560,0.00,13.01,5.81,14.67,15,208.0,1399
   105.0,967,4,0,567,1.63,12.69,6.93,14.61,15,209.0,1399
   106.0,969,2,0,572,2.23,12.55,7.58,14.54,15,211.1,1399
   107.0,969,2,0,578,1.42,12.55,6.77,14.46,15,214.5,1399
   108.0,969,2,0,581,0.00,12.55,4.71,14.35,15,216.6,1399
   109.0,969,2,0,603,0.00,12.55,14.08,14.42,15,221.4,1399
   110.0,969,2,0,629,0.00,12.55,25.45,14.53,15,224.0,1399
   111.0,969,2,0,635,0.00,12.55,16.31,14.45,15,193.8,1399
   112.0,970,1,0,656,1.82,11.92,14.29,14.52,15,196.0,1399
   113.0,970,1,0,671,0.78,11.92,18.80,14.52,15,198.6,1399
   114.0,970,1,0,683,0.00,11.92,13.80,14.50,15,200.9,1399
   115.0,970,1,0,697,0.00,11.92,13.39,14.50,15,202.6,1399
   116.0,970,1,0,721,0.00,11.92,19.55,14.58,15,206.3,1399
   117.0,970,1,0,738,0.00,11.92,20.61,14.60,15,210.5,1399
   118.0,970,1,0,757,0.00,11.92,18.22,14.64,15,213.5,1399
   119.0,970,1,0,761,0.00,11.92,11.80,14.55,15,215.6,1399
   120.0,970,1,0,761,0.00,11.92,2.10,14.43,15,217.9,1399
