QR-Stream run log
role: receiver
started: 2026-10-02T20:38:35.694201
duration: 146s

[device]
platform: android
osVersion: BP4A.251205.006.S948BXXS4AZHL
processors: 8
dartVersion: 3.10.4

[run]
fileName: (hidden).png
totalChunks: 971
transferId: 3850058249
payloadKind: file
chunkBytes: 1400

[events]
     0.0  run started
     9.1  CAL #1 seen (session f57edb8c1c758f69)
     9.1  CAL #1 summary: +42 new, 53 re-reads, 95 reads in 9.1s (10.4/s), 929 still missing
    10.4  relay push ok: cal #1, rev 1
    13.8  CAL #2 seen (session f57edb8c1c758f69)
    13.8  CAL #2 summary: +21 new, 28 re-reads, 49 reads in 3.0s (16.3/s), 908 still missing
    14.9  relay push ok: cal #2, rev 1
    31.3  CAL #1 seen (session cb4de9c1ded3e054)
    31.3  CAL #1 summary: +99 new, 146 re-reads, 245 reads in 14.4s (17.0/s), 809 still missing
    32.5  relay push ok: cal #1, rev 1
    36.2  CAL #2 seen (session cb4de9c1ded3e054)
    36.2  CAL #2 summary: +3 new, 47 re-reads, 50 reads in 3.1s (16.2/s), 806 still missing
    37.5  relay push ok: cal #2, rev 1
    41.3  CAL #3 seen (session cb4de9c1ded3e054)
    41.3  CAL #3 summary: +7 new, 38 re-reads, 45 reads in 3.1s (14.5/s), 799 still missing
    42.5  relay push ok: cal #3, rev 1
    46.4  CAL #4 seen (session cb4de9c1ded3e054)
    46.4  CAL #4 summary: +20 new, 26 re-reads, 46 reads in 3.1s (14.7/s), 779 still missing
    51.5  CAL #5 seen (session cb4de9c1ded3e054)
    51.5  CAL #5 summary: +33 new, 12 re-reads, 45 reads in 3.2s (14.0/s), 746 still missing
    56.5  relay push ok: cal #4, rev 1
    57.7  relay push ok: cal #5, rev 1
    88.9  END #6 seen (session cb4de9c1ded3e054)
    88.9  round 1 summary: +394 new, 0 re-reads, 394 reads in 29.6s (13.3/s), 352 still missing
    94.7  CHK #7 seen (session cb4de9c1ded3e054)
    94.7  CHK #7 summary: +32 new, 24 re-reads, 56 reads in 2.8s (20.0/s), 320 still missing
   101.5  relay push ok: end #6, rev 1
   105.3  relay push ok: chk #7, rev 1
   133.4  END #8 seen (session cb4de9c1ded3e054)
   133.4  round 2 summary: +295 new, 85 re-reads, 380 reads in 27.2s (13.9/s), 25 still missing
   140.0  complete: all 971 chunks received
   140.0  kept a copy at (path)
   140.3  relay push ok: end #8, rev 1
   146.5  relay push ok: done #0, rev 1
   146.5  session report sent

[samples] one row per second
t,received,missing,corrupt,dupes,liveKBps,avgKBps,decodesPerSec,avgDecodesPerSec,recommendedFps,rssMB,chunkBytesSeen
     1.0,1,970,0,2,1.37,0.00,3.00,3.00,0,231.2,1400
     2.0,4,967,0,6,2.74,3.02,5.07,5.00,0,227.3,1400
     3.0,4,967,0,15,2.27,3.02,8.86,6.33,0,228.5,1400
     4.0,4,967,0,16,0.00,3.02,5.31,5.00,0,234.4,1400
     5.0,4,967,0,30,0.00,3.02,11.79,6.80,7,232.8,1400
     6.0,4,967,0,50,0.00,3.02,19.62,9.00,9,233.7,1400
     7.0,13,958,0,53,21.59,2.56,16.61,9.43,9,236.1,1400
     8.0,23,948,0,53,16.55,3.94,11.73,9.50,9,213.9,1400
     9.0,38,933,0,53,22.04,5.88,16.12,10.11,10,218.6,1400
    10.0,42,929,0,53,15.01,6.38,10.98,9.50,10,226.9,1400
    11.0,46,925,0,53,5.48,5.80,4.01,9.00,9,229.2,1400
    12.0,50,921,0,65,9.54,5.98,17.44,9.58,10,226.9,1400
    13.0,55,916,0,73,7.86,6.04,15.02,9.85,10,230.3,1400
    14.0,63,908,0,81,10.24,6.32,16.71,10.29,10,238.2,1400
    15.0,63,908,0,81,6.08,6.32,8.90,9.60,10,235.2,1400
    16.0,67,904,0,85,21.88,5.81,32.00,9.50,9,238.9,1400
    17.0,75,896,0,97,13.37,6.09,22.82,10.11,10,242.7,1400
    18.0,83,888,0,113,12.94,6.34,23.44,10.89,11,246.4,1400
    19.0,87,884,0,129,10.47,6.43,22.31,11.37,11,248.3,1400
    20.0,95,876,0,135,10.87,6.54,17.92,11.50,11,217.1,1400
    21.0,101,870,0,143,9.97,6.63,14.59,11.62,12,221.9,1400
    22.0,102,869,0,143,4.81,6.42,7.54,11.14,12,224.2,1400
    23.0,104,867,0,143,3.25,6.21,2.38,10.74,11,226.2,1400
    24.0,116,855,0,151,17.37,6.68,19.96,11.13,11,227.2,1400
    25.0,124,847,0,163,14.69,6.84,21.49,11.48,11,230.0,1400
    26.0,132,839,0,175,13.20,6.99,21.38,11.81,12,233.8,1400
    27.0,136,835,0,187,9.96,7.04,19.79,11.96,12,235.7,1400
    28.0,136,835,0,203,3.49,7.04,18.00,12.11,12,240.1,1400
    29.0,141,830,0,214,14.96,6.70,16.65,12.24,12,243.8,1400
    30.0,158,813,0,217,20.64,7.21,18.82,12.50,12,246.1,1400
    31.0,162,809,0,221,15.02,7.34,14.64,12.35,12,216.3,1400
    32.0,162,809,0,227,3.01,7.34,7.71,12.16,12,226.7,1400
    33.0,162,809,0,227,0.00,7.34,3.02,11.79,12,222.1,1400
    34.0,162,809,0,243,0.00,7.34,18.60,11.91,12,224.6,1400
    35.0,165,806,0,252,4.28,6.63,15.05,11.91,12,228.6,1400
    36.0,165,806,0,270,2.09,6.63,15.31,12.08,12,233.6,1400
    37.0,165,806,0,274,0.00,6.63,11.17,11.86,12,240.0,1400
    38.0,165,806,0,274,0.00,6.63,2.19,11.55,12,239.0,1400
    39.0,165,806,0,290,0.00,6.63,19.95,11.67,12,239.9,1400
    40.0,170,801,0,301,9.30,5.84,17.76,11.78,12,242.8,1400
    41.0,172,799,0,308,5.52,5.87,12.87,11.71,12,246.0,1400
    42.0,172,799,0,312,1.40,5.87,6.67,11.52,12,249.4,1400
    43.0,172,799,0,312,0.00,5.87,2.27,11.26,12,218.1,1400
    44.0,172,799,0,318,0.00,5.87,8.32,11.14,11,217.3,1400
    45.0,176,795,0,330,21.88,5.36,12.78,11.24,11,219.5,1400
    46.0,188,783,0,334,19.21,5.60,16.84,11.35,11,222.5,1400
    47.0,192,779,0,338,11.62,5.69,12.75,11.28,11,230.3,1400
    48.0,192,779,0,338,2.88,5.69,4.21,11.04,11,231.6,1400
    49.0,200,771,0,342,14.54,5.61,15.96,11.06,11,234.1,1400
    50.0,212,759,0,346,15.61,5.83,15.98,11.16,11,231.9,1400
    51.0,220,751,0,350,13.89,5.96,14.22,11.18,11,237.8,1400
    52.0,225,746,0,350,10.24,5.99,8.55,11.06,11,246.3,1400
    53.0,225,746,0,350,3.60,5.99,2.63,10.85,11,244.7,1400
    54.0,225,746,0,350,0.00,5.99,0.00,10.65,11,248.2,1400
    55.0,225,746,0,350,0.00,5.99,0.00,10.45,11,216.6,1400
    56.0,225,746,0,350,0.00,5.99,0.00,10.27,11,221.4,1400
    57.0,225,746,0,350,0.00,5.99,0.00,10.09,11,218.9,1400
    58.0,225,746,0,350,0.00,5.99,0.00,9.91,11,222.1,1400
    59.0,225,746,0,350,0.00,5.99,0.00,9.75,11,227.7,1400
    60.0,241,730,0,350,26.77,5.50,19.58,9.85,10,227.1,1400
    61.0,257,714,0,350,24.08,5.78,17.61,9.95,10,231.5,1400
    62.0,273,698,0,350,23.03,6.04,16.84,10.05,10,234.1,1400
    63.0,293,678,0,350,25.69,6.37,18.79,10.21,10,238.2,1400
    64.0,305,666,0,350,22.55,6.55,16.49,10.23,10,243.4,1400
    65.0,319,652,0,350,19.35,6.72,14.15,10.29,10,242.3,1400
    66.0,325,646,0,350,14.61,6.76,10.69,10.23,10,247.4,1400
    67.0,335,636,0,350,11.75,6.86,8.60,10.22,10,249.1,1400
    68.0,350,621,0,350,19.35,7.05,14.16,10.29,10,220.2,1400
    69.0,360,611,0,350,19.01,7.14,13.90,10.29,10,220.6,1400
    70.0,376,595,0,350,19.79,7.34,14.48,10.37,10,225.0,1400
    71.0,384,587,0,350,18.06,7.44,13.21,10.34,10,227.3,1400
    72.0,393,578,0,350,13.60,7.49,9.95,10.32,10,229.7,1400
    73.0,413,558,0,350,22.84,7.75,16.71,10.45,10,232.5,1400
    74.0,429,542,0,350,24.68,7.94,18.05,10.53,10,235.5,1400
    75.0,445,526,0,350,24.25,8.12,17.74,10.60,10,239.4,1400
    76.0,461,510,0,350,23.74,8.30,17.36,10.67,10,240.9,1400
    77.0,472,499,0,350,19.60,8.40,14.34,10.68,10,245.0,1400
    78.0,488,483,0,350,22.04,8.56,16.12,10.74,11,247.0,1400
    79.0,498,473,0,350,18.65,8.62,13.64,10.73,11,216.3,1400
    80.0,508,463,0,350,17.63,8.68,12.89,10.72,11,218.9,1400
    81.0,524,447,0,350,23.99,8.85,17.54,10.79,11,220.8,1400
    82.0,529,442,0,350,15.99,8.82,11.70,10.72,11,222.8,1400
    83.0,541,430,0,350,13.07,8.93,9.56,10.73,11,228.0,1400
    84.0,553,418,0,350,19.11,9.03,13.98,10.75,11,230.1,1400
    85.0,561,410,0,350,15.19,9.08,11.11,10.72,11,232.4,1400
    86.0,571,400,0,350,12.50,9.12,9.15,10.71,11,235.3,1400
    87.0,587,384,0,350,18.67,9.24,13.66,10.77,11,239.8,1400
    88.0,603,368,0,350,22.47,9.39,16.44,10.83,11,241.6,1400
    89.0,619,352,0,350,23.43,9.54,17.14,10.89,11,247.9,1400
    90.0,619,352,0,350,11.12,9.54,8.13,10.77,11,248.1,1400
    91.0,619,352,0,350,0.00,9.54,0.00,10.65,11,214.1,1400
    92.0,623,348,0,350,21.88,9.27,16.00,10.58,11,224.3,1400
    93.0,631,340,0,358,15.18,9.30,18.48,10.63,11,221.8,1400
    94.0,643,328,0,366,16.67,9.37,19.10,10.73,11,225.1,1400
    95.0,651,320,0,374,13.76,9.42,18.12,10.79,11,235.0,1400
    96.0,651,320,0,374,5.48,9.42,8.01,10.68,11,233.2,1400
    97.0,651,320,0,374,0.00,9.42,0.00,10.57,11,234.7,1400
    98.0,651,320,0,374,0.00,9.42,0.00,10.46,11,234.3,1400
    99.0,651,320,0,374,0.00,9.42,0.00,10.35,11,241.4,1400
   100.0,651,320,0,374,0.00,9.42,0.00,10.25,11,242.8,1400
   101.0,651,320,0,374,0.00,9.42,0.00,10.15,11,244.1,1400
   102.0,651,320,0,374,0.00,9.42,0.00,10.05,11,249.4,1400
   103.0,651,320,0,374,0.00,9.42,0.00,9.95,11,246.9,1400
   104.0,651,320,0,374,0.00,9.42,0.00,9.86,11,221.0,1400
   105.0,651,320,0,374,0.00,9.42,0.00,9.76,11,223.5,1400
   106.0,651,320,0,374,0.00,9.42,0.00,9.67,11,221.3,1400
   107.0,663,308,0,378,19.42,8.48,18.93,9.73,10,224.6,1400
   108.0,675,296,0,382,17.77,8.55,17.33,9.79,10,226.4,1400
   109.0,687,284,0,382,18.58,8.62,15.86,9.81,10,227.8,1400
   110.0,695,276,0,386,15.92,8.65,13.97,9.83,10,230.3,1400
   111.0,707,264,0,390,18.70,8.72,15.53,9.88,10,235.8,1400
   112.0,723,248,0,390,19.87,8.83,16.61,9.94,10,239.5,1400
   113.0,731,240,0,394,17.84,8.87,15.23,9.96,10,239.9,1400
   114.0,735,236,0,398,10.92,8.89,11.24,9.94,10,243.7,1400
   115.0,749,222,0,398,12.54,8.91,11.21,9.97,10,246.4,1400
   116.0,757,214,0,398,15.24,8.94,11.15,9.96,10,219.3,1400
   117.0,773,198,0,398,19.23,9.04,14.07,10.01,10,218.9,1400
   118.0,781,190,0,402,17.47,9.06,14.91,10.03,10,222.1,1400
   119.0,793,178,0,406,18.35,9.14,15.70,10.08,10,225.3,1400
   120.0,805,166,0,406,17.19,9.18,14.67,10.09,10,230.7,1400
   121.0,817,154,0,410,18.98,9.24,16.19,10.14,10,232.0,1400
   122.0,829,142,0,414,17.51,9.30,17.08,10.19,10,235.7,1400
   123.0,837,134,0,418,14.67,9.32,15.02,10.20,10,239.1,1400
   124.0,853,118,0,422,18.23,9.41,17.78,10.28,10,242.6,1400
   125.0,861,110,0,430,16.44,9.45,18.04,10.33,10,244.4,1400
   126.0,873,98,0,434,16.55,9.49,16.99,10.37,10,247.6,1400
   127.0,885,86,0,438,16.70,9.54,16.28,10.42,10,215.4,1400
   128.0,897,74,0,442,17.12,9.60,16.68,10.46,10,217.3,1400
   129.0,909,62,0,446,16.46,9.65,16.06,10.50,10,222.2,1400
   130.0,921,50,0,450,19.48,9.70,16.55,10.55,10,223.6,1400
   131.0,930,41,0,450,16.98,9.72,12.66,10.53,10,227.4,1400
   132.0,934,37,0,451,11.36,9.68,8.95,10.49,10,230.4,1400
   133.0,938,33,0,459,9.77,9.68,11.86,10.50,10,232.6,1400
   134.0,946,25,0,459,10.71,9.70,11.45,10.49,10,244.7,1399
   135.0,946,25,0,459,5.46,9.70,4.21,10.41,10,246.9,1399
   136.0,946,25,0,459,0.00,9.70,0.00,10.33,10,246.2,1399
   137.0,954,17,0,463,18.92,9.54,20.76,10.34,10,252.3,1399
   138.0,964,7,0,463,15.60,9.56,13.94,10.34,10,246.7,1399
   139.0,969,2,0,470,11.26,9.54,12.07,10.35,10,217.4,1399
