QR-Stream run log
role: receiver
started: 2026-10-08T15:37:49.460911
duration: 184s

[device]
platform: android
osVersion: BP4A.251205.006.S948BXXS4AZHL
processors: 8
dartVersion: 3.10.4

[run]
fileName: (hidden).png
totalChunks: 971
transferId: 3850058249
payloadKind: file
chunkBytes: 1400

[events]
     0.0  run started
     0.0  HEL #0 seen (session d2fc5a9fc3dca041)
     0.0  HEL #0 summary: +0 new, 0 re-reads, 0 reads in 0.0s (0.0/s), 971 still missing
     3.0  start tapped: 0 of 971 held; camera 17/s kept (loaded 17/s), start code read at 28/s
     4.5  relay push ok: hel #0, rev 1
    48.8  CHK #1 seen (session d2fc5a9fc3dca041)
    48.8  CHK #1 summary: +325 new, 76 re-reads, 401 reads in 40.7s (9.8/s), 646 still missing
    50.0  relay push ok: chk #1, rev 2
    69.5  END #2 seen (session d2fc5a9fc3dca041)
    69.5  round 1 summary: +110 new, 4 re-reads, 114 reads in 15.6s (7.3/s), 536 still missing
    71.0  relay push ok: end #2, rev 3
   127.0  END #3 seen (session d2fc5a9fc3dca041)
   127.0  round 2 summary: +319 new, 38 re-reads, 357 reads in 52.5s (6.8/s), 217 still missing
   128.2  relay push ok: end #3, rev 4
   143.9  END #4 seen (session d2fc5a9fc3dca041)
   143.9  round 3 summary: +65 new, 1 re-reads, 66 reads in 12.8s (5.2/s), 152 still missing
   145.7  relay push ok: end #4, rev 5
   161.7  END #5 seen (session d2fc5a9fc3dca041)
   161.7  round 4 summary: +98 new, 5 re-reads, 103 reads in 15.4s (6.7/s), 54 still missing
   163.1  relay push ok: end #5, rev 6
   176.9  END #6 seen (session d2fc5a9fc3dca041)
   176.9  round 5 summary: +47 new, 25 re-reads, 72 reads in 12.7s (5.7/s), 7 still missing
   178.0  relay push ok: end #6, rev 7
   180.6  END #7 seen (session d2fc5a9fc3dca041)
   180.6  round 6 summary: +5 new, 2 re-reads, 7 reads in 0.8s (8.4/s), 2 still missing
   181.8  relay push ok: end #7, rev 8
   183.1  complete: all 971 chunks received
   183.1  camera rate kept for next time: 10/s
   183.1  summary: 1.30 MB in 177.1s = 7.5 KB/s
   183.1  camera rate saved: 10/s
   183.2  kept a copy at (path)
   184.6  relay push ok: done #0, rev 9
   184.6  session report sent

[samples] one row per second
t,received,missing,corrupt,dupes,liveKBps,avgKBps,decodesPerSec,avgDecodesPerSec,recommendedFps,rssMB,chunkBytesSeen
     1.0,0,971,0,0,0.00,0.00,0.00,0.00,0,357.9,0
     2.0,0,971,0,0,0.00,0.00,0.00,0.00,0,366.0,0
     3.0,0,971,0,0,0.00,0.00,0.00,0.00,0,377.7,0
     4.0,0,971,0,0,0.00,0.00,0.00,0.00,0,389.0,0
     5.0,0,971,0,0,0.00,0.00,0.00,0.00,0,375.9,0
     6.0,1,970,0,0,5.47,0.00,4.00,23.26,0,391.9,1400
     7.0,13,958,0,5,17.09,17.86,17.24,17.24,0,391.7,1400
     8.0,27,944,0,9,18.59,18.59,18.31,17.61,0,405.6,1400
     9.0,37,934,0,12,16.42,16.89,15.52,16.10,0,403.8,1400
    10.0,48,923,0,16,14.56,16.34,14.20,15.83,16,391.4,1400
    11.0,54,917,0,17,11.99,15.16,11.12,14.08,15,384.9,1400
    12.0,60,911,0,17,8.35,13.85,6.62,12.73,13,380.9,1400
    13.0,71,900,0,20,12.38,13.84,10.66,12.92,13,386.1,1400
    14.0,80,891,0,26,14.35,13.70,15.22,13.18,13,397.1,1400
    15.0,91,880,0,31,14.26,13.83,16.17,13.49,13,394.3,1400
    16.0,100,871,0,37,13.94,13.78,15.79,13.64,14,388.2,1400
    17.0,109,862,0,40,12.62,13.53,13.85,13.47,14,391.6,1400
    18.0,118,853,0,44,12.45,13.62,12.65,13.45,14,398.8,1400
    19.0,127,844,0,47,13.86,13.49,12.63,13.34,14,404.2,1400
    20.0,134,837,0,48,10.64,13.07,9.66,12.95,13,405.4,1400
    21.0,139,832,0,49,8.29,12.67,7.07,12.50,13,366.0,1400
    22.0,146,825,0,51,8.23,12.52,7.53,12.28,12,374.2,1400
    23.0,154,817,0,52,11.35,12.37,9.96,12.09,12,386.6,1400
    24.0,163,808,0,53,12.44,12.38,10.17,11.97,12,378.2,1400
    25.0,172,799,0,57,12.82,12.37,11.98,12.02,12,384.3,1400
    26.0,176,795,0,57,8.95,12.30,8.56,11.63,12,387.8,1400
    27.0,182,789,0,58,6.97,11.87,5.61,11.41,12,393.0,1400
    28.0,188,783,0,59,9.56,11.71,8.16,11.21,11,393.3,1400
    29.0,195,776,0,60,9.23,11.68,7.79,11.07,11,393.7,1400
    30.0,204,767,0,64,11.33,11.62,10.87,11.15,11,397.9,1400
    31.0,205,766,0,64,6.92,11.65,7.08,10.74,11,403.0,1400
    32.0,211,760,0,64,4.84,11.11,3.54,10.56,11,403.6,1400
    33.0,216,755,0,65,8.56,10.98,6.83,10.39,11,373.6,1400
    34.0,223,748,0,66,8.71,11.00,7.43,10.31,11,373.7,1400
    35.0,231,740,0,66,10.37,10.89,8.08,10.23,10,382.0,1400
    36.0,238,733,0,68,10.65,10.87,8.83,10.19,10,381.2,1400
    37.0,249,722,0,69,12.46,11.01,10.63,10.24,10,383.1,1400
    38.0,258,713,0,69,13.87,11.01,10.65,10.21,10,385.3,1400
    39.0,263,708,0,69,10.96,10.94,8.02,10.05,10,387.9,1400
    40.0,271,700,0,70,9.15,10.89,7.21,10.02,10,389.8,1400
    41.0,277,694,0,71,9.91,10.86,8.28,9.93,10,399.6,1400
    42.0,283,688,0,72,8.33,10.75,7.11,9.85,10,398.0,1400
    43.0,286,685,0,72,7.17,10.61,5.83,9.66,10,397.8,1400
    44.0,287,684,0,72,2.78,10.33,2.04,9.44,10,401.6,1400
    45.0,297,674,0,73,14.30,10.43,11.40,9.48,10,384.1,1400
    46.0,303,668,0,73,11.04,10.36,8.58,9.39,10,374.8,1400
    47.0,314,657,0,75,13.03,10.48,10.65,9.48,10,380.5,1400
    48.0,320,651,0,76,11.64,10.43,10.02,9.41,10,383.0,1400
    49.0,325,646,0,76,8.08,10.39,6.44,9.32,10,387.0,1400
    50.0,325,646,0,76,3.54,10.39,2.59,9.10,10,394.9,1400
    51.0,325,646,0,76,0.00,10.39,0.00,8.90,10,396.1,1400
    52.0,330,641,0,76,15.43,9.80,11.29,8.81,9,398.0,1400
    53.0,336,635,0,77,10.53,9.82,8.40,8.78,9,391.8,1400
    54.0,343,628,0,77,9.14,9.76,7.20,8.74,9,394.1,1400
    55.0,350,621,0,77,11.83,9.80,8.65,8.70,9,397.1,1400
    56.0,355,616,0,77,8.87,9.73,6.49,8.63,9,396.1,1400
    57.0,362,609,0,77,8.27,9.74,6.05,8.60,9,406.6,1400
    58.0,370,601,0,78,10.75,9.73,8.39,8.61,9,378.3,1400
    59.0,378,593,0,78,11.77,9.79,9.15,8.60,9,378.2,1400
    60.0,386,585,0,78,11.21,9.80,8.20,8.59,9,380.1,1400
    61.0,387,584,0,78,6.33,9.79,4.63,8.45,9,384.6,1400
    62.0,393,578,0,78,4.82,9.59,3.53,8.40,9,382.4,1400
    63.0,400,571,0,79,9.00,9.60,7.09,8.40,9,386.9,1400
    64.0,408,563,0,80,10.73,9.63,8.89,8.41,9,388.5,1400
    65.0,417,554,0,80,12.04,9.66,9.32,8.42,9,390.4,1400
    66.0,422,549,0,80,9.93,9.62,7.27,8.36,9,396.5,1400
    67.0,428,543,0,80,10.73,9.62,7.85,8.32,9,398.7,1400
    68.0,434,537,0,80,8.54,9.60,6.24,8.28,9,398.4,1400
    69.0,434,537,0,80,4.27,9.60,3.13,8.15,9,402.7,1400
    70.0,435,536,0,80,1.50,9.42,1.10,8.04,8,379.2,1400
    71.0,435,536,0,80,0.72,9.42,0.52,7.92,8,383.5,1400
    72.0,436,535,0,81,5.47,9.05,8.00,7.83,8,395.3,1400
    73.0,446,525,0,85,13.01,9.10,13.84,7.92,8,380.9,1400
    74.0,454,517,0,89,12.40,9.14,13.10,7.98,8,381.4,1400
    75.0,464,507,0,90,12.93,9.20,11.58,8.02,8,383.7,1400
    76.0,471,500,0,93,12.32,9.22,11.13,8.05,8,385.4,1400
    77.0,480,491,0,94,11.72,9.26,10.71,8.08,8,387.6,1400
    78.0,487,484,0,97,11.11,9.25,10.16,8.11,8,397.0,1400
    79.0,497,474,0,100,11.72,9.30,11.59,8.17,8,398.4,1400
    80.0,499,472,0,100,8.29,9.27,7.58,8.09,8,398.9,1400
    81.0,504,467,0,100,5.27,9.22,3.85,8.05,8,405.7,1400
    82.0,511,460,0,101,8.95,9.19,7.09,8.05,8,376.0,1400
    83.0,516,455,0,102,8.61,9.18,7.35,8.02,8,372.0,1400
    84.0,523,448,0,105,8.43,9.18,8.22,8.05,8,385.7,1400
    85.0,530,441,0,105,10.33,9.18,9.17,8.03,8,380.6,1400
    86.0,536,435,0,108,9.54,9.16,8.59,8.05,8,385.2,1400
    87.0,541,430,0,108,7.98,9.14,7.43,8.01,8,385.0,1400
    88.0,548,423,0,109,8.43,9.14,6.68,8.01,8,394.3,1400
    89.0,552,419,0,110,8.40,9.16,7.25,7.97,8,394.4,1400
    90.0,555,416,0,110,4.88,9.04,4.08,7.91,8,399.1,1400
    91.0,562,409,0,110,8.74,9.04,6.39,7.90,8,399.1,1400
    92.0,569,402,0,110,10.46,9.04,7.65,7.89,8,400.3,1400
    93.0,576,395,0,110,11.69,9.05,8.54,7.88,8,407.8,1400
    94.0,586,385,0,110,12.27,9.10,8.97,7.91,8,379.4,1400
    95.0,591,380,0,112,11.08,9.09,9.18,7.90,8,378.0,1400
    96.0,596,375,0,112,7.79,9.08,6.84,7.86,8,377.6,1400
    97.0,602,369,0,112,7.92,9.08,5.79,7.84,8,384.7,1400
    98.0,607,364,0,113,7.68,9.04,6.13,7.82,8,384.8,1400
    99.0,614,357,0,113,8.31,9.03,6.59,7.81,8,386.3,1400
   100.0,617,354,0,113,7.39,9.00,5.40,7.76,8,391.0,1400
   101.0,617,354,0,113,2.39,9.00,1.75,7.68,8,394.3,1400
   102.0,626,345,0,114,12.90,8.92,10.48,7.70,8,396.9,1400
   103.0,633,338,0,115,11.19,8.92,9.21,7.71,8,398.1,1400
   104.0,639,332,0,117,8.98,8.92,8.08,7.71,8,399.8,1400
   105.0,649,322,0,117,11.48,8.96,9.44,7.73,8,400.7,1400
   106.0,656,315,0,117,11.73,8.98,8.58,7.73,8,402.1,1400
   107.0,663,308,0,118,9.85,8.98,7.72,7.73,8,379.3,1400
   108.0,669,302,0,118,9.34,8.97,7.36,7.71,8,381.1,1400
   109.0,674,297,0,118,7.88,8.95,5.77,7.69,8,378.3,1400
   110.0,676,295,0,118,6.76,8.92,4.94,7.63,8,382.2,1400
   111.0,680,291,0,118,5.31,8.89,3.88,7.60,8,387.3,1400
   112.0,687,284,0,118,7.83,8.87,5.72,7.59,8,388.2,1400
   113.0,693,278,0,118,9.99,8.85,7.30,7.58,8,388.2,1400
   114.0,697,274,0,118,7.43,8.85,5.43,7.54,8,392.5,1400
   115.0,704,267,0,118,7.88,8.83,5.76,7.54,8,395.6,1400
   116.0,708,263,0,118,7.93,8.80,5.80,7.51,8,401.7,1400
   117.0,715,256,0,118,7.75,8.83,5.66,7.50,8,401.3,1400
   118.0,719,252,0,118,7.85,8.80,5.74,7.47,8,400.7,1400
   119.0,727,244,0,118,9.86,8.80,7.21,7.47,8,380.8,1400
   120.0,732,239,0,118,8.96,8.78,6.55,7.45,8,379.0,1400
   121.0,739,232,0,118,9.75,8.79,7.13,7.45,8,378.8,1400
   122.0,740,231,0,118,5.76,8.76,4.21,7.39,8,382.4,1400
   123.0,745,226,0,118,5.32,8.72,3.89,7.37,8,382.1,1400
   124.0,750,221,0,118,6.99,8.70,5.12,7.35,8,388.7,1400
   125.0,752,219,0,118,4.92,8.65,3.60,7.31,8,386.9,1400
   126.0,754,217,0,118,4.24,8.63,3.10,7.26,8,392.7,1400
   127.0,754,217,0,118,1.58,8.63,1.16,7.20,8,405.7,1400
   128.0,754,217,0,118,0.00,8.63,0.00,7.15,8,409.5,1400
   129.0,754,217,0,118,0.00,8.63,0.00,7.09,8,404.6,1400
   130.0,755,216,0,118,4.97,8.34,3.62,7.04,7,409.1,1400
   131.0,755,216,0,118,1.07,8.34,0.78,6.98,7,406.4,1400
   132.0,759,212,0,118,6.64,8.24,4.86,6.96,7,401.9,1400
   133.0,766,205,0,118,8.25,8.24,6.03,6.96,7,381.2,1400
   134.0,772,199,0,118,9.57,8.25,7.00,6.95,7,376.8,1400
   135.0,777,194,0,118,8.45,8.23,6.18,6.94,7,385.3,1400
   136.0,782,189,0,118,9.33,8.23,6.82,6.92,7,385.5,1400
   137.0,788,183,0,118,7.72,8.23,5.65,6.91,7,382.4,1400
   138.0,791,180,0,118,6.20,8.19,4.53,6.88,7,390.7,1400
   139.0,793,178,0,118,4.41,8.16,3.23,6.85,7,395.9,1400
   140.0,794,177,0,118,2.27,8.12,1.66,6.80,7,393.6,1400
   141.0,799,172,0,118,6.09,8.09,4.45,6.79,7,399.5,1400
   142.0,805,166,0,118,8.77,8.09,6.42,6.78,7,399.7,1400
   143.0,812,159,0,118,8.96,8.10,6.55,6.79,7,400.9,1400
   144.0,819,152,0,119,9.87,8.14,7.74,6.79,7,406.8,1400
   145.0,819,152,0,119,4.83,8.14,4.04,6.75,7,373.8,1400
   146.0,819,152,0,119,0.00,8.14,0.00,6.70,7,382.0,1400
   147.0,823,148,0,119,7.74,7.99,5.66,6.68,7,390.4,1400
   148.0,830,141,0,119,8.90,7.99,6.51,6.68,7,379.9,1400
   149.0,837,134,0,119,9.98,8.00,7.30,6.68,7,382.7,1400
   150.0,843,128,0,119,8.89,8.00,6.50,6.68,7,390.1,1400
   151.0,851,120,0,119,9.95,8.02,7.28,6.69,7,391.1,1400
   152.0,860,111,0,121,12.98,8.05,10.61,6.72,7,393.6,1400
   153.0,869,102,0,122,13.29,8.08,10.81,6.74,7,396.3,1400
   154.0,878,93,0,123,12.83,8.11,10.43,6.76,7,396.9,1400
   155.0,885,86,0,123,12.05,8.13,9.37,6.76,7,404.8,1400
   156.0,890,81,0,123,8.35,8.11,6.11,6.75,7,402.9,1400
   157.0,895,76,0,123,7.08,8.11,5.18,6.74,7,373.6,1400
   158.0,901,70,0,123,7.57,8.11,5.54,6.73,7,382.1,1400
   159.0,904,67,0,123,6.21,8.10,4.54,6.71,7,380.7,1400
   160.0,910,61,0,123,7.16,8.08,5.24,6.71,7,387.0,1400
   161.0,912,59,0,123,7.13,8.05,5.22,6.68,7,383.9,1400
   162.0,917,54,0,124,7.08,8.06,5.92,6.67,7,396.3,1400
   163.0,917,54,0,124,3.67,8.06,3.22,6.63,7,400.5,1400
   164.0,917,54,0,124,0.00,8.06,0.00,6.59,7,396.3,1400
   165.0,921,50,0,124,6.19,7.92,4.52,6.57,7,401.7,1400
   166.0,930,41,0,124,9.43,7.95,6.90,6.59,7,401.5,1400
   167.0,937,34,0,124,11.61,7.96,8.49,6.59,7,401.8,1400
   168.0,939,32,0,125,6.20,7.96,5.04,6.57,7,406.9,1400
   169.0,942,29,0,127,3.44,7.92,4.03,6.56,7,406.0,1400
   170.0,944,27,0,129,3.71,7.87,4.88,6.54,7,382.0,1400
   171.0,946,25,0,131,3.47,7.85,4.82,6.53,7,378.4,1400
   172.0,950,21,0,132,4.47,7.84,4.90,6.52,7,384.5,1400
   173.0,954,17,0,135,5.99,7.81,6.57,6.52,7,384.4,1400
   174.0,959,12,0,136,6.70,7.80,7.42,6.52,7,385.0,1399
   175.0,961,10,0,141,5.37,7.80,6.73,6.52,7,392.1,1399
   176.0,964,7,0,146,3.47,7.75,7.61,6.53,7,392.9,1399
   177.0,964,7,0,149,2.34,7.75,6.04,6.51,7,395.1,1399
   178.0,964,7,0,149,0.00,7.75,1.66,6.47,7,399.0,1399
   179.0,964,7,0,149,0.00,7.75,0.00,6.43,7,401.5,1399
   180.0,968,3,0,150,9.85,7.61,9.01,6.42,7,404.4,1399
   181.0,969,2,0,151,4.41,7.61,4.52,6.40,7,410.9,1399
   182.0,969,2,0,151,0.70,7.61,1.03,6.36,7,414.4,1399
   183.0,970,1,0,151,5.47,7.49,4.00,6.33,7,380.6,1399
