QR-Stream run log
role: receiver
started: 2026-10-02T12:35:46.323387
duration: 56s

[device]
platform: android
osVersion: BP4A.251205.006.S948BXXS4AZHL
processors: 8
dartVersion: 3.10.4

[run]
fileName: (hidden).PNG
totalChunks: 239
transferId: 2367892608
payloadKind: file
chunkBytes: 1400

[events]
     0.0  run started
    18.6  end of round 1 seen (session e150f9cb4ee40bd5)
    18.6  round 1 summary: +79 new, 70 re-reads, 149 reads in 18.6s (8.0/s), 160 still missing
    20.7  relay push ok, rev 1
    44.5  end of round 2 seen (session e150f9cb4ee40bd5)
    44.5  round 2 summary: +142 new, 138 re-reads, 280 reads in 25.9s (10.8/s), 18 still missing
    46.5  relay push ok, rev 1
    54.7  complete: all 239 chunks received
    54.7  kept a copy at (path)
    56.5  relay push ok, rev 1
    56.5  session report sent

[samples] one row per second
t,received,missing,corrupt,dupes,liveKBps,avgKBps,decodesPerSec,avgDecodesPerSec,recommendedFps,rssMB,chunkBytesSeen
     1.0,1,238,0,22,1.37,0.00,23.00,23.00,0,218.7,1400
     2.0,1,238,0,31,0.00,0.00,16.12,15.98,0,234.1,1400
     3.0,1,238,0,47,0.00,0.00,12.67,16.00,0,244.1,1400
     4.0,2,237,0,47,1.92,0.83,9.14,12.25,0,245.8,1400
     5.0,2,237,0,47,0.80,0.83,0.58,9.80,0,231.0,1400
     6.0,5,234,0,47,8.14,1.19,5.95,8.67,9,233.6,1400
     7.0,6,233,0,47,3.64,1.34,2.66,7.57,9,232.5,1400
     8.0,6,233,0,47,0.72,1.34,0.53,6.63,9,237.8,1400
     9.0,6,233,0,47,0.00,1.34,0.00,5.89,9,237.9,1400
    10.0,13,226,0,49,14.48,1.78,13.62,6.20,6,240.0,1400
    11.0,23,216,0,51,13.99,2.87,12.64,6.73,6,244.5,1400
    12.0,31,208,0,54,12.92,3.54,12.07,7.08,7,247.8,1400
    13.0,41,198,0,59,13.77,4.32,13.16,7.69,7,220.0,1400
    14.0,48,191,0,61,11.89,4.72,12.01,7.79,8,222.4,1400
    15.0,55,184,0,64,9.61,5.04,9.54,7.93,8,223.0,1400
    16.0,59,180,0,64,7.53,5.06,7.01,7.69,8,225.0,1400
    17.0,67,172,0,66,8.86,5.42,7.56,7.82,8,225.6,1400
    18.0,75,164,0,69,11.67,5.77,11.20,8.00,8,228.7,1400
    19.0,79,160,0,70,8.88,5.84,8.66,7.84,8,245.0,1400
    20.0,79,160,0,70,2.80,5.84,2.56,7.45,8,243.6,1400
    21.0,79,160,0,70,0.00,5.84,0.00,7.10,8,245.7,1400
    22.0,84,155,0,72,9.85,5.23,10.09,7.09,7,249.7,1400
    23.0,90,149,0,82,8.88,5.37,13.58,7.48,7,245.0,1400
    24.0,96,143,0,92,8.65,5.50,16.15,7.83,8,248.7,1400
    25.0,102,137,0,98,8.33,5.58,14.21,8.00,8,219.1,1400
    26.0,108,131,0,103,9.56,5.72,13.40,8.12,8,223.4,1400
    27.0,115,124,0,109,8.98,5.82,12.13,8.30,8,222.6,1400
    28.0,122,117,0,115,9.82,5.96,13.33,8.46,8,222.9,1400
    29.0,128,111,0,120,9.67,6.05,13.06,8.55,8,229.2,1400
    30.0,134,105,0,124,9.67,6.11,10.82,8.60,8,232.1,1400
    31.0,140,99,0,130,8.51,6.20,11.12,8.71,8,235.2,1400
    32.0,148,91,0,137,10.38,6.32,13.67,8.91,9,235.8,1400
    33.0,153,86,0,144,9.01,6.36,13.69,9.00,9,240.1,1400
    34.0,160,79,0,150,9.61,6.44,12.93,9.12,9,244.1,1400
    35.0,166,73,0,155,8.99,6.51,12.15,9.17,9,247.2,1400
    36.0,173,66,0,158,9.45,6.57,10.74,9.19,9,249.4,1400
    37.0,178,61,0,166,8.72,6.63,12.22,9.30,9,222.2,1400
    38.0,184,55,0,173,8.28,6.65,13.20,9.39,9,221.4,1400
    39.0,191,48,0,179,8.95,6.70,13.09,9.49,9,223.3,1400
    40.0,197,42,0,186,9.43,6.75,13.79,9.57,9,226.9,1400
    41.0,204,35,0,193,9.37,6.81,13.87,9.68,9,230.5,1400
    42.0,210,29,0,199,9.11,6.87,13.33,9.74,10,235.2,1400
    43.0,217,22,0,204,9.14,6.90,12.34,9.79,10,236.5,1400
    44.0,220,19,0,206,7.10,6.85,8.83,9.68,10,239.5,1400
    45.0,221,18,0,208,2.70,6.82,4.12,9.53,10,243.8,1399
    46.0,221,18,0,208,0.65,6.82,1.73,9.33,10,249.0,1399
    47.0,221,18,0,208,0.00,6.82,0.00,9.13,10,251.6,1399
    48.0,225,14,0,211,6.49,6.45,8.30,9.08,9,254.6,1399
    49.0,229,10,0,214,5.93,6.44,7.60,9.04,9,221.5,1399
    50.0,231,8,0,217,4.47,6.37,6.54,8.96,9,223.7,1399
    51.0,233,6,0,222,2.91,6.30,6.38,8.92,9,225.0,1399
    52.0,237,2,0,228,4.33,6.24,8.98,8.94,9,227.9,1399
    53.0,237,2,0,236,3.54,6.24,9.78,8.92,9,231.2,1399
    54.0,238,1,0,244,1.81,6.11,8.72,8.93,9,233.1,1399
