QR-Stream run log
role: receiver
started: 2026-10-02T22:16:50.159338
duration: 33s

[device]
platform: android
osVersion: BP4A.251205.006.S948BXXS4AZHL
processors: 8
dartVersion: 3.10.4

[run]
fileName: (hidden).png
totalChunks: 971
transferId: 3850058249
payloadKind: file
chunkBytes: 1400

[events]
     0.0  run started
     0.0  HEL #0 seen (session 9d41c7dd5dac9af0)
     0.0  HEL #0 summary: +0 new, 0 re-reads, 0 reads in 0.0s (0.0/s), 971 still missing
    16.6  start tapped: 0 of 971 held
    18.4  relay push ok: hel #0, rev 1
    21.8  CAL #1 seen (session 9d41c7dd5dac9af0)
    21.8  CAL #1 summary: +17 new, 23 re-reads, 40 reads in 2.7s (14.9/s), 954 still missing
    23.3  relay push ok: cal #1, rev 1
    29.4  HEL #0 seen (session f532e8233b353c89)
    29.4  HEL #0 summary: +0 new, 0 re-reads, 0 reads in 0.0s (0.0/s), 954 still missing
    33.5  reset by user
    33.5  session report sent

[samples] one row per second
t,received,missing,corrupt,dupes,liveKBps,avgKBps,decodesPerSec,avgDecodesPerSec,recommendedFps,rssMB,chunkBytesSeen
     1.0,0,971,0,0,0.00,0.00,0.00,0.00,0,229.0,0
     2.0,0,971,0,0,0.00,0.00,0.00,0.00,0,230.3,0
     3.0,0,971,0,0,0.00,0.00,0.00,0.00,0,227.9,0
     4.0,0,971,0,0,0.00,0.00,0.00,0.00,0,241.8,0
     5.0,0,971,0,0,0.00,0.00,0.00,0.00,0,241.8,0
     6.0,0,971,0,0,0.00,0.00,0.00,0.00,0,245.1,0
     7.0,0,971,0,0,0.00,0.00,0.00,0.00,0,245.6,0
     8.0,0,971,0,0,0.00,0.00,0.00,0.00,0,210.2,0
     9.0,0,971,0,0,0.00,0.00,0.00,0.00,0,228.3,0
    10.0,0,971,0,0,0.00,0.00,0.00,0.00,0,233.7,0
    11.0,0,971,0,0,0.00,0.00,0.00,0.00,0,234.1,0
    12.0,0,971,0,0,0.00,0.00,0.00,0.00,0,217.7,0
    13.0,0,971,0,0,0.00,0.00,0.00,0.00,0,233.9,0
    14.0,0,971,0,0,0.00,0.00,0.00,0.00,0,238.3,0
    15.0,0,971,0,0,0.00,0.00,0.00,0.00,0,232.9,0
    16.0,0,971,0,0,0.00,0.00,0.00,0.00,0,238.4,0
    17.0,0,971,0,0,0.00,0.00,0.00,0.00,0,237.5,0
    18.0,0,971,0,0,0.00,0.00,0.00,0.00,0,239.3,0
    19.0,1,970,0,4,5.47,0.00,20.00,20.58,0,243.3,1400
    20.0,9,962,0,13,9.95,10.26,17.70,17.70,0,210.9,1400
    21.0,15,956,0,21,9.66,10.14,15.65,16.05,0,211.4,1400
    22.0,17,954,0,23,5.88,9.41,9.04,12.33,0,216.0,1400
    23.0,17,954,0,23,1.42,9.41,2.08,9.43,0,227.7,1400
    24.0,17,954,0,23,0.00,9.41,0.00,7.63,0,229.7,1400
    25.0,17,954,0,23,0.00,9.41,0.00,6.41,0,217.1,1400
    26.0,17,954,0,23,0.00,9.41,0.00,5.52,0,218.0,1400
    27.0,17,954,0,23,0.00,9.41,0.00,4.85,0,220.5,1400
    28.0,17,954,0,23,0.00,9.41,0.00,4.33,0,223.3,1400
    29.0,17,954,0,23,0.00,9.41,0.00,3.91,0,233.1,1400
    30.0,17,954,0,23,0.00,9.41,0.00,3.56,0,237.2,1400
    31.0,17,954,0,23,0.00,9.41,0.00,3.27,0,231.4,1400
    32.0,17,954,0,23,0.00,9.41,0.00,3.02,0,240.7,1400
    33.0,17,954,0,23,0.00,9.41,0.00,2.81,0,201.7,1400
