QR-Stream run log
role: receiver
started: 2026-10-02T22:17:23.778204
duration: 92s

[device]
platform: android
osVersion: BP4A.251205.006.S948BXXS4AZHL
processors: 8
dartVersion: 3.10.4

[run]
fileName: (hidden).png
totalChunks: 971
transferId: 3850058249
payloadKind: file
chunkBytes: 1400

[events]
     0.0  run started
     0.0  HEL #0 seen (session f532e8233b353c89)
     0.0  HEL #0 summary: +0 new, 0 re-reads, 0 reads in 0.0s (0.0/s), 971 still missing
     1.6  start tapped: 0 of 971 held
     3.0  relay push ok: hel #0, rev 1
     8.6  CAL #1 seen (session f532e8233b353c89)
     8.6  CAL #1 summary: +56 new, 0 re-reads, 56 reads in 2.8s (19.9/s), 915 still missing
    10.0  relay push ok: cal #1, rev 1
    13.4  CAL #2 seen (session f532e8233b353c89)
    13.4  CAL #2 summary: +39 new, 3 re-reads, 42 reads in 2.7s (15.4/s), 876 still missing
    14.9  relay push ok: cal #2, rev 1
    21.1  CAL #3 seen (session f532e8233b353c89)
    21.1  CAL #3 summary: +48 new, 24 re-reads, 72 reads in 3.2s (22.3/s), 828 still missing
    22.8  relay push ok: cal #3, rev 1
    57.8  END #4 seen (session f532e8233b353c89)
    57.8  round 1 summary: +456 new, 4 re-reads, 460 reads in 31.0s (14.8/s), 372 still missing
    59.5  relay push ok: end #4, rev 1
    85.7  END #5 seen (session f532e8233b353c89)
    85.7  round 2 summary: +340 new, 77 re-reads, 417 reads in 24.9s (16.8/s), 32 still missing
    87.0  relay push ok: end #5, rev 1
    90.7  complete: all 971 chunks received
    90.8  kept a copy at (path)
    92.3  relay push ok: done #0, rev 1
    92.3  session report sent

[samples] one row per second
t,received,missing,corrupt,dupes,liveKBps,avgKBps,decodesPerSec,avgDecodesPerSec,recommendedFps,rssMB,chunkBytesSeen
     1.0,0,971,0,0,0.00,0.00,0.00,0.00,0,202.5,0
     2.0,0,971,0,0,0.00,0.00,0.00,0.00,0,213.7,0
     3.0,0,971,0,0,0.00,0.00,0.00,0.00,0,220.7,0
     4.0,0,971,0,0,0.00,0.00,0.00,0.00,0,217.0,0
     5.0,0,971,0,0,0.00,0.00,0.00,0.00,0,212.1,0
     6.0,4,967,0,0,21.88,0.00,16.00,17.09,0,224.7,1400
     7.0,27,944,0,0,29.91,31.60,21.88,21.88,0,218.9,1400
     8.0,46,925,0,0,31.65,29.69,23.15,20.59,0,223.4,1400
     9.0,56,915,0,0,21.37,27.68,15.63,17.32,0,229.1,1400
    10.0,56,915,0,0,7.02,27.68,5.14,13.23,0,228.8,1400
    11.0,64,907,0,0,33.86,17.15,24.77,12.23,12,234.7,1400
    12.0,71,900,0,1,15.50,15.94,12.09,11.55,12,201.2,1400
    13.0,91,880,0,1,18.77,17.75,14.23,12.72,13,205.5,1400
    14.0,95,876,0,3,16.84,17.15,13.35,11.90,13,213.3,1400
    15.0,95,876,0,3,3.29,17.15,3.29,10.61,13,209.5,1400
    16.0,95,876,0,3,0.00,17.15,0.00,9.58,13,213.7,1400
    17.0,95,876,0,3,0.00,17.15,0.00,8.72,13,218.6,1400
    18.0,98,873,0,3,16.41,11.07,12.00,8.26,8,227.8,1400
    19.0,111,860,0,14,19.32,11.75,23.85,9.45,9,220.8,1400
    20.0,131,840,0,18,23.20,12.62,24.68,10.47,10,223.9,1400
    21.0,143,828,0,26,22.47,12.93,22.60,11.09,11,227.9,1400
    22.0,143,828,0,27,9.85,12.93,11.15,10.47,11,244.7,1400
    23.0,143,828,0,27,0.00,12.93,0.51,9.86,11,236.8,1400
    24.0,143,828,0,27,0.00,12.93,0.00,9.32,11,210.6,1400
    25.0,143,828,0,27,0.00,12.93,0.00,8.84,11,212.0,1400
    26.0,155,816,0,27,27.48,10.55,20.10,8.99,9,211.5,1400
    27.0,175,796,0,27,27.40,11.36,20.04,9.51,9,209.0,1400
    28.0,186,785,0,27,21.84,11.54,15.96,9.58,9,213.0,1400
    29.0,206,765,0,27,23.60,12.16,17.26,10.03,10,216.0,1400
    30.0,211,760,0,27,17.50,12.01,12.80,9.82,10,219.3,1400
    31.0,219,752,0,27,12.45,11.92,9.10,9.75,10,222.2,1400
    32.0,239,732,0,27,19.18,12.46,14.03,10.14,10,225.0,1400
    33.0,249,722,0,27,21.91,12.57,16.03,10.13,10,227.6,1400
    34.0,269,702,0,27,24.16,13.10,17.67,10.48,10,232.4,1400
    35.0,279,692,0,27,21.12,13.12,15.45,10.47,10,201.8,1400
    36.0,298,673,0,27,21.23,13.52,15.52,10.75,11,203.1,1400
    37.0,312,659,0,27,22.94,13.72,16.78,10.85,11,207.0,1400
    38.0,332,639,0,27,24.14,14.12,17.64,11.14,11,208.9,1400
    39.0,352,619,0,27,27.82,14.56,20.35,11.40,11,213.2,1400
    40.0,361,610,0,27,20.96,14.52,15.33,11.33,11,215.7,1400
    41.0,369,602,0,27,13.75,14.40,10.06,11.24,11,219.1,1400
    42.0,389,582,0,27,27.88,14.73,20.39,11.48,11,222.0,1400
    43.0,403,568,0,27,23.35,14.84,17.08,11.55,11,223.9,1400
    44.0,423,548,0,27,23.86,15.14,17.45,11.77,12,228.1,1400
    45.0,437,534,0,27,24.58,15.25,17.98,11.83,12,232.5,1400
    46.0,451,520,0,27,20.71,15.34,15.15,11.88,12,234.0,1400
    47.0,466,505,0,27,21.37,15.47,15.63,11.96,12,202.4,1400
    48.0,480,491,0,27,23.17,15.61,16.95,12.00,12,206.7,1400
    49.0,489,482,0,31,17.13,15.47,14.71,12.03,12,209.3,1400
    50.0,509,462,0,31,23.30,15.73,16.71,12.21,12,211.9,1400
    51.0,509,462,0,31,15.20,15.73,11.11,11.94,12,214.0,1400
    52.0,513,458,0,31,10.30,15.35,7.53,11.77,12,215.5,1400
    53.0,520,451,0,31,9.82,15.08,7.18,11.67,12,217.6,1400
    54.0,540,431,0,31,19.76,15.31,14.45,11.84,12,221.1,1400
    55.0,550,421,0,31,21.24,15.31,15.54,11.80,12,225.4,1400
    56.0,565,406,0,31,19.43,15.42,14.21,11.86,12,226.4,1400
    57.0,583,388,0,31,23.87,15.57,17.46,11.98,12,230.6,1400
    58.0,599,372,0,31,24.16,15.76,17.67,12.06,12,203.1,1400
    59.0,599,372,0,31,12.03,15.76,8.80,11.83,12,218.1,1400
    60.0,599,372,0,31,0.00,15.76,0.00,11.62,12,208.5,1400
    61.0,607,364,0,31,43.75,15.03,32.00,11.55,12,214.0,1400
    62.0,619,352,0,35,23.17,15.10,20.34,11.63,12,214.6,1400
    63.0,631,340,0,43,20.75,15.10,20.32,11.78,12,213.4,1400
    64.0,646,325,0,47,21.17,15.19,19.70,11.90,12,219.4,1400
    65.0,661,310,0,51,21.23,15.26,19.67,12.02,12,223.5,1400
    66.0,671,300,0,55,17.95,15.29,17.33,12.05,12,224.9,1400
    67.0,683,288,0,59,18.50,15.30,18.45,12.12,12,229.0,1400
    68.0,699,272,0,63,20.64,15.40,19.41,12.24,12,229.8,1400
    69.0,712,259,0,63,19.98,15.41,16.63,12.26,12,233.4,1400
    70.0,724,247,0,67,17.15,15.45,14.55,12.31,12,201.5,1400
    71.0,740,231,0,71,24.23,15.55,19.89,12.43,12,205.9,1400
    72.0,752,219,0,79,19.45,15.61,20.31,12.55,12,205.8,1400
    73.0,768,203,0,79,21.51,15.65,18.12,12.60,12,209.4,1400
    74.0,784,187,0,83,22.79,15.73,18.75,12.71,12,212.7,1400
    75.0,799,172,0,83,21.63,15.81,17.87,12.74,13,215.5,1400
    76.0,811,160,0,87,19.35,15.87,16.24,12.79,13,220.5,1400
    77.0,827,144,0,90,21.78,15.87,17.81,12.87,13,223.6,1400
    78.0,839,132,0,94,22.96,15.90,18.51,12.92,13,226.1,1400
    79.0,844,127,0,94,15.67,15.80,12.08,12.81,13,227.5,1400
    80.0,860,111,0,94,15.06,15.88,11.02,12.85,13,230.7,1400
    81.0,876,95,0,98,22.07,15.94,18.16,12.95,13,234.5,1400
    82.0,892,79,0,102,22.24,16.01,20.34,13.04,13,204.1,1400
    83.0,904,67,0,106,20.07,16.08,18.88,13.08,13,205.8,1400
    84.0,916,55,0,106,18.47,16.12,15.76,13.06,13,207.9,1400
    85.0,927,44,0,108,15.79,16.02,12.56,13.06,13,211.4,1400
    86.0,939,32,0,108,19.05,16.07,12.63,13.05,13,219.5,1399
    87.0,939,32,0,108,8.60,16.07,6.51,12.89,13,226.8,1399
    88.0,939,32,0,108,0.00,16.07,0.00,12.73,13,225.3,1399
    89.0,943,28,0,108,21.88,15.51,16.00,12.63,13,225.2,1399
    90.0,955,16,0,112,18.84,15.53,17.23,12.67,13,225.1,1399
