QR-Stream run log
role: receiver
started: 2026-10-02T20:02:29.948679
duration: 86s

[device]
platform: android
osVersion: BP4A.251205.006.S948BXXS4AZHL
processors: 8
dartVersion: 3.10.4

[run]
fileName: (hidden).png
totalChunks: 971
transferId: 3850058249
payloadKind: file
chunkBytes: 1400

[events]
     0.0  run started
     9.5  CAL #1 seen (session fe0d2022bf8b24e9)
     9.5  CAL #1 summary: +77 new, 125 re-reads, 202 reads in 9.5s (21.3/s), 894 still missing
    12.7  relay push ok: cal #1, rev 1
    19.2  CAL #2 seen (session fe0d2022bf8b24e9)
    19.2  CAL #2 summary: +51 new, 19 re-reads, 70 reads in 3.1s (22.8/s), 843 still missing
    21.7  relay push ok: cal #2, rev 1
    54.8  END #3 seen (session fe0d2022bf8b24e9)
    54.8  round 1 summary: +569 new, 9 re-reads, 578 reads in 29.1s (19.9/s), 274 still missing
    56.7  relay push ok: end #3, rev 1
    64.3  CHK #4 seen (session fe0d2022bf8b24e9)
    64.3  CHK #4 summary: +72 new, 58 re-reads, 130 reads in 6.4s (20.2/s), 202 still missing
    66.3  relay push ok: chk #4, rev 1
    80.2  END #5 seen (session fe0d2022bf8b24e9)
    80.2  round 2 summary: +183 new, 108 re-reads, 291 reads in 13.0s (22.4/s), 19 still missing
    82.5  relay push ok: end #5, rev 1
    84.6  complete: all 971 chunks received
    84.6  kept a copy at (path)
    86.6  relay push ok: done #0, rev 1
    86.6  session report sent

[samples] one row per second
t,received,missing,corrupt,dupes,liveKBps,avgKBps,decodesPerSec,avgDecodesPerSec,recommendedFps,rssMB,chunkBytesSeen
     1.0,1,970,0,2,1.37,0.00,3.00,3.00,0,239.4,1400
     2.0,1,970,0,3,0.68,0.00,1.74,2.00,0,247.9,1400
     3.0,3,968,0,3,10.94,1.42,1.76,2.00,0,247.9,1400
     4.0,4,967,0,25,3.66,1.55,22.32,7.25,0,212.8,1400
     5.0,4,967,0,65,0.92,1.55,39.80,13.80,14,215.2,1400
     6.0,4,967,0,105,0.00,1.55,41.05,18.17,18,219.2,1400
     7.0,19,952,0,125,41.94,3.73,38.62,20.57,20,223.0,1400
     8.0,46,925,0,125,38.56,7.92,31.71,21.38,21,229.5,1400
     9.0,74,897,0,125,39.33,11.45,28.77,22.11,22,231.6,1400
    10.0,77,894,0,125,22.01,11.16,16.10,20.20,22,249.2,1400
    11.0,77,894,0,125,2.20,11.16,1.61,18.36,22,243.4,1400
    12.0,77,894,0,125,0.00,11.16,0.00,16.83,22,241.5,1400
    13.0,77,894,0,125,0.00,11.16,0.00,15.54,22,246.7,1400
    14.0,77,894,0,125,0.00,11.16,0.00,14.43,22,214.5,1400
    15.0,77,894,0,125,0.00,11.16,0.00,13.47,22,218.4,1400
    16.0,77,894,0,125,0.00,11.16,0.00,12.62,22,225.5,1400
    17.0,92,879,0,132,21.47,7.53,23.04,13.18,13,222.0,1400
    18.0,116,855,0,140,27.27,8.82,27.62,14.22,14,222.5,1400
    19.0,126,845,0,144,23.58,9.22,23.33,14.21,14,227.4,1400
    20.0,128,843,0,144,9.26,9.18,8.42,13.60,14,234.4,1400
    21.0,128,843,0,144,1.42,9.18,1.04,12.95,14,231.3,1400
    22.0,128,843,0,144,0.00,9.18,0.00,12.36,14,240.5,1400
    23.0,128,843,0,144,0.00,9.18,0.00,11.83,14,236.3,1400
    24.0,128,843,0,144,0.00,9.18,0.00,11.33,14,241.5,1400
    25.0,128,843,0,144,0.00,9.18,0.00,10.88,14,243.4,1400
    26.0,139,832,0,144,40.32,7.32,29.49,10.88,11,210.3,1400
    27.0,163,808,0,144,34.78,8.30,25.44,11.37,11,217.2,1400
    28.0,179,792,0,144,29.17,8.75,21.33,11.54,11,215.6,1400
    29.0,203,768,0,148,29.35,9.60,23.62,12.10,12,218.0,1400
    30.0,229,742,0,148,35.81,10.45,28.29,12.57,12,221.3,1400
    31.0,246,725,0,149,32.34,10.89,24.20,12.74,13,226.0,1400
    32.0,270,701,0,149,29.99,11.57,22.47,13.09,13,228.5,1400
    33.0,286,685,0,151,27.55,11.92,21.16,13.24,13,231.7,1400
    34.0,314,657,0,151,30.60,12.64,23.40,13.68,13,235.0,1400
    35.0,330,641,0,153,30.11,12.94,23.02,13.80,14,239.7,1400
    36.0,357,614,0,153,30.65,13.57,23.46,14.17,14,242.1,1400
    37.0,381,590,0,153,36.41,14.09,26.63,14.43,14,213.3,1400
    38.0,401,570,0,153,32.24,14.51,23.58,14.58,14,214.9,1400
    39.0,423,548,0,153,30.38,14.87,22.22,14.77,15,218.0,1400
    40.0,451,520,0,153,36.21,15.42,26.48,15.10,15,221.7,1400
    41.0,463,508,0,153,28.00,15.44,20.48,15.02,15,225.2,1400
    42.0,477,494,0,153,19.55,15.58,14.30,15.00,15,227.3,1400
    43.0,491,480,0,153,21.16,15.67,15.48,14.98,15,231.9,1400
    44.0,509,462,0,153,22.56,15.84,16.50,15.05,15,233.5,1400
    45.0,533,438,0,153,29.40,16.20,21.51,15.24,15,237.1,1400
    46.0,544,427,0,153,25.40,16.23,18.58,15.15,15,241.1,1400
    47.0,564,407,0,153,24.15,16.47,17.66,15.25,15,243.4,1400
    48.0,584,387,0,153,28.23,16.73,20.65,15.35,15,214.2,1400
    49.0,590,381,0,153,17.85,16.51,13.06,15.16,15,217.9,1400
    50.0,603,368,0,153,13.83,16.51,10.12,15.12,15,219.2,1400
    51.0,623,348,0,153,26.86,16.76,19.64,15.22,15,220.2,1400
    52.0,647,324,0,153,31.76,17.04,23.23,15.38,15,223.5,1400
    53.0,661,310,0,153,26.25,17.05,19.20,15.36,15,227.3,1400
    54.0,681,290,0,153,29.44,17.26,21.53,15.44,15,232.2,1400
    55.0,697,274,0,153,26.91,17.43,19.68,15.45,15,238.7,1400
    56.0,697,274,0,153,11.59,17.43,8.47,15.18,15,240.3,1400
    57.0,697,274,0,153,0.00,17.43,0.00,14.91,15,242.0,1400
    58.0,701,270,0,157,21.88,16.59,32.00,14.79,15,246.3,1400
    59.0,713,258,0,165,17.96,16.57,22.99,14.88,15,247.4,1400
    60.0,725,246,0,177,17.39,16.52,23.32,15.03,15,218.8,1400
    61.0,733,238,0,189,15.35,16.51,22.46,15.11,15,218.3,1400
    62.0,745,226,0,197,16.41,16.51,22.01,15.19,15,220.9,1400
    63.0,753,218,0,203,14.33,16.40,17.82,15.17,15,226.4,1400
    64.0,765,206,0,211,14.34,16.41,17.83,15.25,15,228.4,1400
    65.0,769,202,0,211,11.89,16.38,13.04,15.08,15,238.4,1400
    66.0,769,202,0,211,3.00,16.38,2.19,14.85,15,236.6,1400
    67.0,769,202,0,211,0.00,16.38,0.00,14.63,15,238.9,1400
    68.0,781,190,0,219,20.23,15.77,24.66,14.71,15,239.9,1400
    69.0,797,174,0,223,21.16,15.85,22.11,14.78,15,243.0,1400
    70.0,810,161,0,223,21.78,15.84,18.13,14.76,15,244.5,1400
    71.0,822,149,0,231,18.04,15.90,17.41,14.83,15,212.7,1400
    72.0,838,133,0,235,20.44,15.97,21.36,14.90,15,216.1,1400
    73.0,850,121,0,237,20.94,15.95,18.60,14.89,15,220.9,1400
    74.0,862,109,0,251,17.38,15.95,21.19,15.04,15,221.9,1400
    75.0,878,93,0,259,22.45,16.02,27.37,15.16,15,226.0,1400
    76.0,894,77,0,271,23.73,16.10,28.20,15.33,15,228.6,1400
    77.0,906,65,0,291,21.60,16.13,31.45,15.55,15,235.1,1400
    78.0,922,49,0,303,21.03,16.18,30.64,15.70,15,236.5,1400
    79.0,938,33,0,307,22.40,16.24,24.58,15.76,16,239.5,1400
    80.0,952,19,0,315,21.24,16.27,22.05,15.84,16,245.6,1399
    81.0,952,19,0,319,11.57,16.27,14.48,15.69,16,213.0,1399
    82.0,952,19,0,319,0.00,16.27,2.05,15.50,16,219.0,1399
    83.0,952,19,0,319,0.00,16.27,0.00,15.31,16,218.2,1399
    84.0,960,11,0,323,19.05,15.65,20.91,15.27,15,224.8,1399
